   occupation matrix (subspace #           1 , spin            1 )
   2.84240  -0.30114  -0.00000   0.00000  -0.00000
  -0.30114   0.05654  -0.00000   0.00000  -0.00000
  -0.00000  -0.00000   2.98446  -0.02542  -0.03545
   0.00000   0.00000  -0.02542   0.04629  -0.26610
  -0.00000  -0.00000  -0.03545  -0.26610   2.97855
   occupation matrix (subspace #           2 , spin            1 )
   2.84240   0.30114  -0.00000  -0.00000   0.00000
   0.30114   0.05654   0.00000  -0.00000   0.00000
  -0.00000   0.00000   2.98446   0.02542  -0.03545
  -0.00000  -0.00000   0.02542   0.04629   0.26610
   0.00000   0.00000  -0.03545   0.26610   2.97855
   occupation matrix (subspace #           3 , spin            1 )
   2.84240  -0.30114  -0.00000   0.00000   0.00000
  -0.30114   0.05654  -0.00000  -0.00000  -0.00000
  -0.00000  -0.00000   2.98446  -0.02542  -0.03545
   0.00000  -0.00000  -0.02542   0.04629  -0.26610
   0.00000  -0.00000  -0.03545  -0.26610   2.97855
   occupation matrix (subspace #           4 , spin            1 )
   2.84240   0.30114  -0.00000   0.00000  -0.00000
   0.30114   0.05654   0.00000   0.00000   0.00000
  -0.00000   0.00000   2.98446   0.02542  -0.03545
   0.00000   0.00000   0.02542   0.04629   0.26610
  -0.00000   0.00000  -0.03545   0.26610   2.97855
   occupation matrix (subspace #           5 , spin            1 )
   1.67938   0.00000   0.00000
   0.00000   1.31621   0.08006
   0.00000   0.08006   1.70636
   occupation matrix (subspace #           6 , spin            1 )
   1.67938   0.00000   0.00000
   0.00000   1.31621  -0.08006
   0.00000  -0.08006   1.70636
   occupation matrix (subspace #           7 , spin            1 )
   1.67938   0.00000   0.00000
   0.00000   1.31621   0.08006
   0.00000   0.08006   1.70636
   occupation matrix (subspace #           8 , spin            1 )
   1.67938  -0.00000   0.00000
  -0.00000   1.31621  -0.08006
   0.00000  -0.08006   1.70636
   occupation matrix (subspace #           9 , spin            1 )
   1.66171  -0.00000  -0.00000
  -0.00000   1.61066   0.21087
  -0.00000   0.21087   1.40750
   occupation matrix (subspace #          10 , spin            1 )
   1.66171   0.00000  -0.00000
   0.00000   1.61066  -0.21087
  -0.00000  -0.21087   1.40750
   occupation matrix (subspace #          11 , spin            1 )
   1.66171  -0.00000  -0.00000
  -0.00000   1.61066   0.21087
  -0.00000   0.21087   1.40750
   occupation matrix (subspace #          12 , spin            1 )
   1.66171   0.00000  -0.00000
   0.00000   1.61066  -0.21087
  -0.00000  -0.21087   1.40750
   occupation matrix (subspace #          13 , spin            1 )
   1.44588   0.21454  -0.19406
   0.21454   1.68820   0.09081
  -0.19406   0.09081   1.56582
   occupation matrix (subspace #          14 , spin            1 )
   1.44588   0.21454   0.19406
   0.21454   1.68820  -0.09081
   0.19406  -0.09081   1.56582
   occupation matrix (subspace #          15 , spin            1 )
   1.44588  -0.21454   0.19406
  -0.21454   1.68820   0.09081
   0.19406   0.09081   1.56582
   occupation matrix (subspace #          16 , spin            1 )
   1.44588  -0.21454  -0.19406
  -0.21454   1.68820  -0.09081
  -0.19406  -0.09081   1.56582
   occupation matrix (subspace #          17 , spin            1 )
   1.44588   0.21454  -0.19406
   0.21454   1.68820   0.09081
  -0.19406   0.09081   1.56582
   occupation matrix (subspace #          18 , spin            1 )
   1.44588   0.21454   0.19406
   0.21454   1.68820  -0.09081
   0.19406  -0.09081   1.56582
   occupation matrix (subspace #          19 , spin            1 )
   1.44588  -0.21454   0.19406
  -0.21454   1.68820   0.09081
   0.19406   0.09081   1.56582
   occupation matrix (subspace #          20 , spin            1 )
   1.44588  -0.21454  -0.19406
  -0.21454   1.68820  -0.09081
  -0.19406  -0.09081   1.56582
