   occupation matrix (subspace #           1 , spin            1 )
   0.08622  -0.00311   0.00162   0.00155  -0.01251
  -0.00311   0.09113  -0.00702  -0.00183  -0.00917
   0.00162  -0.00702   0.06637  -0.01003  -0.00006
   0.00155  -0.00183  -0.01003   0.08714   0.00744
  -0.01251  -0.00917  -0.00006   0.00744   0.06351
   occupation matrix (subspace #           2 , spin            1 )
   0.08622  -0.00311  -0.00162  -0.00155   0.01251
  -0.00311   0.09113   0.00702   0.00183   0.00917
  -0.00162   0.00702   0.06637  -0.01003  -0.00006
  -0.00155   0.00183  -0.01003   0.08714   0.00744
   0.01251   0.00917  -0.00006   0.00744   0.06351
   occupation matrix (subspace #           3 , spin            1 )
   0.08622  -0.00311   0.00162   0.00155  -0.01251
  -0.00311   0.09113  -0.00702  -0.00183  -0.00917
   0.00162  -0.00702   0.06637  -0.01003  -0.00006
   0.00155  -0.00183  -0.01003   0.08714   0.00744
  -0.01251  -0.00917  -0.00006   0.00744   0.06351
   occupation matrix (subspace #           4 , spin            1 )
   0.08622  -0.00311  -0.00162  -0.00155   0.01251
  -0.00311   0.09113   0.00702   0.00183   0.00917
  -0.00162   0.00702   0.06637  -0.01003  -0.00006
  -0.00155   0.00183  -0.01003   0.08714   0.00744
   0.01251   0.00917  -0.00006   0.00744   0.06351
   occupation matrix (subspace #           5 , spin            1 )
   0.08453   0.00006   0.00044   0.00176   0.01288
   0.00006   0.09334   0.00693  -0.00135   0.00002
   0.00044   0.00693   0.06487   0.00976  -0.00051
   0.00176  -0.00135   0.00976   0.08719  -0.00826
   0.01288   0.00002  -0.00051  -0.00826   0.06349
   occupation matrix (subspace #           6 , spin            1 )
   0.08453   0.00006  -0.00044  -0.00176  -0.01288
   0.00006   0.09334  -0.00693   0.00135  -0.00002
  -0.00044  -0.00693   0.06487   0.00976  -0.00051
  -0.00176   0.00135   0.00976   0.08719  -0.00826
  -0.01288  -0.00002  -0.00051  -0.00826   0.06349
   occupation matrix (subspace #           7 , spin            1 )
   0.08453   0.00006   0.00044   0.00176   0.01288
   0.00006   0.09334   0.00693  -0.00135   0.00002
   0.00044   0.00693   0.06487   0.00976  -0.00051
   0.00176  -0.00135   0.00976   0.08719  -0.00826
   0.01288   0.00002  -0.00051  -0.00826   0.06349
   occupation matrix (subspace #           8 , spin            1 )
   0.08453   0.00006  -0.00044  -0.00176  -0.01288
   0.00006   0.09334  -0.00693   0.00135  -0.00002
  -0.00044  -0.00693   0.06487   0.00976  -0.00051
  -0.00176   0.00135   0.00976   0.08719  -0.00826
  -0.01288  -0.00002  -0.00051  -0.00826   0.06349
   occupation matrix (subspace #           9 , spin            1 )
   1.67659  -0.01129   0.00945
  -0.01129   1.68175  -0.01992
   0.00945  -0.01992   1.53237
   occupation matrix (subspace #          10 , spin            1 )
   1.67659   0.01129  -0.00945
   0.01129   1.68175  -0.01992
  -0.00945  -0.01992   1.53237
   occupation matrix (subspace #          11 , spin            1 )
   1.67659  -0.01129   0.00945
  -0.01129   1.68175  -0.01992
   0.00945  -0.01992   1.53237
   occupation matrix (subspace #          12 , spin            1 )
   1.67659   0.01129  -0.00945
   0.01129   1.68175  -0.01992
  -0.00945  -0.01992   1.53237
   occupation matrix (subspace #          13 , spin            1 )
   1.67846   0.01068   0.00995
   0.01068   1.68418   0.02146
   0.00995   0.02146   1.53856
   occupation matrix (subspace #          14 , spin            1 )
   1.67846  -0.01068  -0.00995
  -0.01068   1.68418   0.02146
  -0.00995   0.02146   1.53856
   occupation matrix (subspace #          15 , spin            1 )
   1.67846   0.01068   0.00995
   0.01068   1.68418   0.02146
   0.00995   0.02146   1.53856
   occupation matrix (subspace #          16 , spin            1 )
   1.67846  -0.01068  -0.00995
  -0.01068   1.68418   0.02146
  -0.00995   0.02146   1.53856
   occupation matrix (subspace #          17 , spin            1 )
   1.52249   0.01911  -0.01406
   0.01911   1.64526   0.01013
  -0.01406   0.01013   1.62035
   occupation matrix (subspace #          18 , spin            1 )
   1.52249  -0.01911   0.01406
  -0.01911   1.64527   0.01013
   0.01406   0.01013   1.62035
   occupation matrix (subspace #          19 , spin            1 )
   1.52249   0.01911  -0.01406
   0.01911   1.64527   0.01013
  -0.01406   0.01013   1.62035
   occupation matrix (subspace #          20 , spin            1 )
   1.52249  -0.01911   0.01406
  -0.01911   1.64527   0.01013
   0.01406   0.01013   1.62036
   occupation matrix (subspace #          21 , spin            1 )
   1.52334  -0.00486   0.01727
  -0.00486   1.64988  -0.00255
   0.01727  -0.00255   1.61938
   occupation matrix (subspace #          22 , spin            1 )
   1.52334   0.00486  -0.01727
   0.00486   1.64988  -0.00254
  -0.01727  -0.00254   1.61938
   occupation matrix (subspace #          23 , spin            1 )
   1.52334  -0.00486   0.01727
  -0.00486   1.64988  -0.00255
   0.01727  -0.00255   1.61938
   occupation matrix (subspace #          24 , spin            1 )
   1.52334   0.00486  -0.01727
   0.00486   1.64988  -0.00254
  -0.01727  -0.00254   1.61938
   occupation matrix (subspace #          25 , spin            1 )
   1.60196   0.00451   0.00426
   0.00451   1.51357   0.01777
   0.00426   0.01777   1.59388
   occupation matrix (subspace #          26 , spin            1 )
   1.60196  -0.00451  -0.00426
  -0.00451   1.51357   0.01777
  -0.00426   0.01777   1.59389
   occupation matrix (subspace #          27 , spin            1 )
   1.60196   0.00451   0.00426
   0.00451   1.51357   0.01777
   0.00426   0.01777   1.59388
   occupation matrix (subspace #          28 , spin            1 )
   1.60196  -0.00451  -0.00426
  -0.00451   1.51357   0.01777
  -0.00426   0.01777   1.59389
   occupation matrix (subspace #          29 , spin            1 )
   1.60547   0.02028   0.01028
   0.02028   1.50925  -0.01654
   0.01028  -0.01654   1.59011
   occupation matrix (subspace #          30 , spin            1 )
   1.60547  -0.02029  -0.01028
  -0.02029   1.50926  -0.01654
  -0.01028  -0.01654   1.59012
   occupation matrix (subspace #          31 , spin            1 )
   1.60547   0.02029   0.01028
   0.02029   1.50925  -0.01654
   0.01028  -0.01654   1.59011
   occupation matrix (subspace #          32 , spin            1 )
   1.60547  -0.02029  -0.01028
  -0.02029   1.50926  -0.01654
  -0.01028  -0.01654   1.59012
