   occupation matrix (subspace #           1 , spin            1 )
   0.17778  -0.00005   0.00000   0.00003   0.00001
  -0.00005   0.16151   0.00004   0.00002   0.00003
   0.00000   0.00004   0.38044  -0.00023  -0.00007
   0.00003   0.00002  -0.00023   0.16194  -0.00000
   0.00001   0.00003  -0.00007  -0.00000   0.36603
   occupation matrix (subspace #           2 , spin            1 )
   0.17782   0.00001  -0.00001  -0.00000   0.00002
   0.00001   0.16180   0.00000  -0.00000  -0.00000
  -0.00001   0.00000   0.38043   0.00008  -0.00003
  -0.00000  -0.00000   0.00008   0.16170  -0.00016
   0.00002  -0.00000  -0.00003  -0.00016   0.36609
   occupation matrix (subspace #           3 , spin            1 )
   0.17780   0.00000  -0.00000  -0.00000  -0.00000
   0.00000   0.16179  -0.00000  -0.00000  -0.00000
  -0.00000  -0.00000   0.38039  -0.00001   0.00001
  -0.00000  -0.00000  -0.00001   0.16169   0.00001
  -0.00000  -0.00000   0.00001   0.00001   0.36610
   occupation matrix (subspace #           4 , spin            1 )
   0.17780   0.00001  -0.00000   0.00000  -0.00000
   0.00001   0.16175   0.00000  -0.00000   0.00000
  -0.00000   0.00000   0.38038  -0.00002   0.00001
   0.00000  -0.00000  -0.00002   0.16174  -0.00002
  -0.00000   0.00000   0.00001  -0.00002   0.36610
   occupation matrix (subspace #           5 , spin            1 )
   0.17790   0.00023   0.00043  -0.00030   0.00024
   0.00023   0.16543   0.00147   0.00018  -0.00027
   0.00043   0.00147   0.38145   0.00117   0.00080
  -0.00030   0.00018   0.00117   0.15924  -0.00313
   0.00024  -0.00027   0.00080  -0.00313   0.36579
   occupation matrix (subspace #           6 , spin            1 )
   0.18200   0.00139   0.00057   0.00139   0.00000
   0.00139   0.16236   0.00113   0.00024   0.00027
   0.00057   0.00113   0.37601   0.00113   0.00000
   0.00139   0.00024   0.00113   0.16236  -0.00027
   0.00000   0.00027   0.00000  -0.00027   0.36670
   occupation matrix (subspace #           7 , spin            1 )
   0.17780   0.00014   0.00000  -0.00000  -0.00000
   0.00014   0.16153  -0.00000   0.00000  -0.00000
   0.00000  -0.00000   0.38025   0.00066  -0.00031
  -0.00000   0.00000   0.00066   0.16196  -0.00106
  -0.00000  -0.00000  -0.00031  -0.00106   0.36640
   occupation matrix (subspace #           8 , spin            1 )
   0.17800   0.00007  -0.00000   0.00000  -0.00000
   0.00007   0.16270   0.00000  -0.00000  -0.00000
  -0.00000   0.00000   0.37996   0.00123   0.00016
   0.00000  -0.00000   0.00123   0.16089  -0.00026
  -0.00000  -0.00000   0.00016  -0.00026   0.36666
   occupation matrix (subspace #           9 , spin            1 )
   0.17779   0.00002  -0.00000   0.00001   0.00000
   0.00002   0.16176  -0.00001   0.00000   0.00002
  -0.00000  -0.00001   0.38042   0.00004   0.00000
   0.00001   0.00000   0.00004   0.16173  -0.00005
   0.00000   0.00002   0.00000  -0.00005   0.36608
   occupation matrix (subspace #          10 , spin            1 )
   0.17782  -0.00000  -0.00001   0.00001  -0.00002
  -0.00000   0.16171   0.00008  -0.00000   0.00016
  -0.00001   0.00008   0.38043   0.00000   0.00003
   0.00001  -0.00000   0.00000   0.16180   0.00000
  -0.00002   0.00016   0.00003   0.00000   0.36609
   occupation matrix (subspace #          11 , spin            1 )
   0.17748   0.00004   0.00000  -0.00000   0.00000
   0.00004   0.16133  -0.00000   0.00000  -0.00000
   0.00000  -0.00000   0.38116  -0.00056  -0.00040
  -0.00000   0.00000  -0.00056   0.16191  -0.00034
   0.00000  -0.00000  -0.00040  -0.00034   0.36561
   occupation matrix (subspace #          12 , spin            1 )
   0.17774   0.00007  -0.00000   0.00000  -0.00000
   0.00007   0.16145  -0.00000  -0.00000   0.00000
  -0.00000  -0.00000   0.38077   0.00013  -0.00013
   0.00000  -0.00000   0.00013   0.16188  -0.00020
  -0.00000   0.00000  -0.00013  -0.00020   0.36613
   occupation matrix (subspace #          13 , spin            1 )
   0.17799  -0.00008  -0.00000  -0.00000   0.00000
  -0.00008   0.16207  -0.00000  -0.00000  -0.00000
  -0.00000  -0.00000   0.38003   0.00005   0.00002
  -0.00000  -0.00000   0.00005   0.16150   0.00010
   0.00000  -0.00000   0.00002   0.00010   0.36628
   occupation matrix (subspace #          14 , spin            1 )
   0.17777  -0.00000   0.00000   0.00000  -0.00000
  -0.00000   0.16176  -0.00000   0.00000   0.00000
   0.00000  -0.00000   0.38056   0.00009   0.00007
   0.00000   0.00000   0.00009   0.16174  -0.00015
  -0.00000   0.00000   0.00007  -0.00015   0.36603
   occupation matrix (subspace #          15 , spin            1 )
   0.17778   0.00001  -0.00000   0.00001   0.00000
   0.00001   0.16174  -0.00001   0.00000  -0.00000
  -0.00000  -0.00001   0.38041  -0.00001   0.00000
   0.00001   0.00000  -0.00001   0.16174   0.00000
   0.00000  -0.00000   0.00000   0.00000   0.36608
   occupation matrix (subspace #          16 , spin            1 )
   0.17779   0.00001  -0.00000   0.00002  -0.00000
   0.00001   0.16173   0.00004   0.00000   0.00005
  -0.00000   0.00004   0.38042  -0.00001  -0.00000
   0.00002   0.00000  -0.00001   0.16175  -0.00002
  -0.00000   0.00005  -0.00000  -0.00002   0.36608
   occupation matrix (subspace #          17 , spin            1 )
   0.18774   0.00018  -0.00000   0.00000   0.00000
   0.00018   0.15817  -0.00000   0.00000   0.00000
  -0.00000  -0.00000   0.37233   0.00409   0.00484
   0.00000   0.00000   0.00409   0.16740  -0.00465
   0.00000   0.00000   0.00484  -0.00465   0.36635
   occupation matrix (subspace #          18 , spin            1 )
   0.19280   0.00645   0.00000   0.00000  -0.00000
   0.00645   0.15000  -0.00000   0.00000  -0.00000
   0.00000  -0.00000   0.37944  -0.00337  -0.00495
   0.00000   0.00000  -0.00337   0.16649   0.00397
  -0.00000  -0.00000  -0.00495   0.00397   0.37006
   occupation matrix (subspace #          19 , spin            1 )
   0.17752  -0.00099  -0.00003   0.00001   0.00049
  -0.00099   0.16258  -0.00120  -0.00006   0.00046
  -0.00003  -0.00120   0.38080   0.00023   0.00001
   0.00001  -0.00006   0.00023   0.16169   0.00038
   0.00049   0.00046   0.00001   0.00038   0.36594
   occupation matrix (subspace #          20 , spin            1 )
   0.17790  -0.00030   0.00043   0.00023  -0.00024
  -0.00030   0.15924   0.00117   0.00018   0.00313
   0.00043   0.00117   0.38145   0.00147  -0.00080
   0.00023   0.00018   0.00147   0.16542   0.00027
  -0.00024   0.00313  -0.00080   0.00027   0.36579
   occupation matrix (subspace #          21 , spin            1 )
   0.17779   0.00003  -0.00000  -0.00000   0.00000
   0.00003   0.16177  -0.00000  -0.00000  -0.00000
  -0.00000  -0.00000   0.38043   0.00004   0.00001
  -0.00000  -0.00000   0.00004   0.16172  -0.00006
   0.00000  -0.00000   0.00001  -0.00006   0.36609
   occupation matrix (subspace #          22 , spin            1 )
   0.17779  -0.00001   0.00000   0.00000  -0.00000
  -0.00001   0.16170  -0.00000   0.00000   0.00000
   0.00000  -0.00000   0.38037  -0.00001   0.00005
   0.00000   0.00000  -0.00001   0.16177   0.00001
  -0.00000   0.00000   0.00005   0.00001   0.36613
   occupation matrix (subspace #          23 , spin            1 )
   0.17752   0.00001  -0.00003  -0.00099  -0.00049
   0.00001   0.16169   0.00023  -0.00006  -0.00038
  -0.00003   0.00023   0.38080  -0.00120  -0.00001
  -0.00099  -0.00006  -0.00120   0.16257  -0.00046
  -0.00049  -0.00038  -0.00001  -0.00046   0.36594
   occupation matrix (subspace #          24 , spin            1 )
   0.17778   0.00003   0.00000  -0.00005  -0.00001
   0.00003   0.16195  -0.00023   0.00002   0.00000
   0.00000  -0.00023   0.38044   0.00004   0.00007
  -0.00005   0.00002   0.00004   0.16150  -0.00003
  -0.00001   0.00000   0.00007  -0.00003   0.36603
   occupation matrix (subspace #          25 , spin            1 )
   0.17778  -0.00005  -0.00000  -0.00003  -0.00001
  -0.00005   0.16151  -0.00004  -0.00002  -0.00003
  -0.00000  -0.00004   0.38044  -0.00023  -0.00007
  -0.00003  -0.00002  -0.00023   0.16194  -0.00000
  -0.00001  -0.00003  -0.00007  -0.00000   0.36603
   occupation matrix (subspace #          26 , spin            1 )
   0.17782   0.00001   0.00001   0.00000  -0.00002
   0.00001   0.16180  -0.00001   0.00000   0.00000
   0.00001  -0.00001   0.38043   0.00008  -0.00003
   0.00000   0.00000   0.00008   0.16170  -0.00016
  -0.00002   0.00000  -0.00003  -0.00016   0.36609
   occupation matrix (subspace #          27 , spin            1 )
   0.17778   0.00001   0.00000  -0.00001  -0.00000
   0.00001   0.16174   0.00001  -0.00000   0.00000
   0.00000   0.00001   0.38041  -0.00001   0.00000
  -0.00001  -0.00000  -0.00001   0.16174   0.00000
  -0.00000   0.00000   0.00000   0.00000   0.36608
   occupation matrix (subspace #          28 , spin            1 )
   0.17779   0.00001   0.00000  -0.00002   0.00000
   0.00001   0.16173  -0.00004  -0.00000  -0.00005
   0.00000  -0.00004   0.38042  -0.00001  -0.00000
  -0.00002  -0.00000  -0.00001   0.16175  -0.00002
   0.00000  -0.00005  -0.00000  -0.00002   0.36608
   occupation matrix (subspace #          29 , spin            1 )
   0.17790   0.00023  -0.00043   0.00030  -0.00024
   0.00023   0.16543  -0.00147  -0.00018   0.00027
  -0.00043  -0.00147   0.38145   0.00117   0.00080
   0.00030  -0.00018   0.00117   0.15924  -0.00313
  -0.00024   0.00027   0.00080  -0.00313   0.36579
   occupation matrix (subspace #          30 , spin            1 )
   0.18200   0.00139  -0.00057  -0.00139  -0.00000
   0.00139   0.16236  -0.00113  -0.00024  -0.00027
  -0.00057  -0.00113   0.37601   0.00113   0.00000
  -0.00139  -0.00024   0.00113   0.16236  -0.00027
  -0.00000  -0.00027   0.00000  -0.00027   0.36670
   occupation matrix (subspace #          31 , spin            1 )
   0.17752  -0.00099   0.00003  -0.00001  -0.00049
  -0.00099   0.16258   0.00120   0.00006  -0.00046
   0.00003   0.00120   0.38080   0.00023   0.00001
  -0.00001   0.00006   0.00023   0.16169   0.00038
  -0.00049  -0.00046   0.00001   0.00038   0.36594
   occupation matrix (subspace #          32 , spin            1 )
   0.17790  -0.00030  -0.00043  -0.00023   0.00024
  -0.00030   0.15924  -0.00117  -0.00018  -0.00313
  -0.00043  -0.00117   0.38145   0.00147  -0.00080
  -0.00023  -0.00018   0.00147   0.16542   0.00027
   0.00024  -0.00313  -0.00080   0.00027   0.36579
   occupation matrix (subspace #          33 , spin            1 )
   0.17779   0.00002   0.00000  -0.00001  -0.00000
   0.00002   0.16176   0.00001  -0.00000  -0.00002
   0.00000   0.00001   0.38042   0.00004   0.00000
  -0.00001  -0.00000   0.00004   0.16173  -0.00005
  -0.00000  -0.00002   0.00000  -0.00005   0.36608
   occupation matrix (subspace #          34 , spin            1 )
   0.17782  -0.00000   0.00001  -0.00001   0.00002
  -0.00000   0.16171  -0.00008   0.00000  -0.00016
   0.00001  -0.00008   0.38043   0.00000   0.00003
  -0.00001   0.00000   0.00000   0.16180   0.00000
   0.00002  -0.00016   0.00003   0.00000   0.36609
   occupation matrix (subspace #          35 , spin            1 )
   0.17752   0.00001   0.00003   0.00099   0.00049
   0.00001   0.16169  -0.00023   0.00006   0.00038
   0.00003  -0.00023   0.38080  -0.00120  -0.00001
   0.00099   0.00006  -0.00120   0.16257  -0.00046
   0.00049   0.00038  -0.00001  -0.00046   0.36594
   occupation matrix (subspace #          36 , spin            1 )
   0.17778   0.00003  -0.00000   0.00005   0.00001
   0.00003   0.16195   0.00023  -0.00002  -0.00000
  -0.00000   0.00023   0.38044   0.00004   0.00007
   0.00005  -0.00002   0.00004   0.16150  -0.00003
   0.00001  -0.00000   0.00007  -0.00003   0.36603
   occupation matrix (subspace #          37 , spin            1 )
   0.17778   0.00004  -0.00000   0.00003  -0.00001
   0.00004   0.16151   0.00004  -0.00002   0.00003
  -0.00000   0.00004   0.38044   0.00023  -0.00007
   0.00003  -0.00002   0.00023   0.16194   0.00000
  -0.00001   0.00003  -0.00007   0.00000   0.36603
   occupation matrix (subspace #          38 , spin            1 )
   0.17779   0.00000   0.00000  -0.00001   0.00000
   0.00000   0.16177  -0.00001   0.00000  -0.00001
   0.00000  -0.00001   0.38037   0.00000  -0.00004
  -0.00001   0.00000   0.00000   0.16169  -0.00000
   0.00000  -0.00001  -0.00004  -0.00000   0.36613
   occupation matrix (subspace #          39 , spin            1 )
   0.17780  -0.00000   0.00000  -0.00000   0.00000
  -0.00000   0.16179  -0.00000  -0.00000  -0.00000
   0.00000  -0.00000   0.38039   0.00001   0.00001
  -0.00000  -0.00000   0.00001   0.16169  -0.00001
   0.00000  -0.00000   0.00001  -0.00001   0.36610
   occupation matrix (subspace #          40 , spin            1 )
   0.17781  -0.00000  -0.00000   0.00000  -0.00000
  -0.00000   0.16176  -0.00000  -0.00000  -0.00000
  -0.00000  -0.00000   0.38039  -0.00000   0.00001
   0.00000  -0.00000  -0.00000   0.16172   0.00000
  -0.00000  -0.00000   0.00001   0.00000   0.36610
   occupation matrix (subspace #          41 , spin            1 )
   0.17790  -0.00023  -0.00043  -0.00030  -0.00024
  -0.00023   0.16543   0.00147  -0.00018  -0.00027
  -0.00043   0.00147   0.38145  -0.00117   0.00080
  -0.00030  -0.00018  -0.00117   0.15924   0.00313
  -0.00024  -0.00027   0.00080   0.00313   0.36579
   occupation matrix (subspace #          42 , spin            1 )
   0.19281   0.00000   0.00000   0.00645   0.00000
   0.00000   0.16649  -0.00337   0.00000  -0.00397
   0.00000  -0.00337   0.37944   0.00000   0.00495
   0.00645   0.00000   0.00000   0.15000  -0.00000
   0.00000  -0.00397   0.00495  -0.00000   0.37005
   occupation matrix (subspace #          43 , spin            1 )
   0.17780  -0.00014   0.00000  -0.00000  -0.00000
  -0.00014   0.16153  -0.00000   0.00000  -0.00000
   0.00000  -0.00000   0.38025  -0.00066  -0.00031
  -0.00000   0.00000  -0.00066   0.16196   0.00106
  -0.00000  -0.00000  -0.00031   0.00106   0.36640
   occupation matrix (subspace #          44 , spin            1 )
   0.17854  -0.00000  -0.00000  -0.00000  -0.00000
  -0.00000   0.15943  -0.00000  -0.00000  -0.00000
  -0.00000  -0.00000   0.37891  -0.00000   0.00006
  -0.00000  -0.00000  -0.00000   0.16395   0.00000
  -0.00000  -0.00000   0.00006   0.00000   0.36493
   occupation matrix (subspace #          45 , spin            1 )
   0.17779  -0.00002   0.00000   0.00001  -0.00000
  -0.00002   0.16176  -0.00001  -0.00000   0.00002
   0.00000  -0.00001   0.38042  -0.00004   0.00000
   0.00001  -0.00000  -0.00004   0.16173   0.00005
  -0.00000   0.00002   0.00000   0.00005   0.36608
   occupation matrix (subspace #          46 , spin            1 )
   0.17777   0.00000   0.00000  -0.00000  -0.00000
   0.00000   0.16175   0.00009   0.00000   0.00015
   0.00000   0.00009   0.38056   0.00000  -0.00007
  -0.00000   0.00000   0.00000   0.16175  -0.00000
  -0.00000   0.00015  -0.00007  -0.00000   0.36603
   occupation matrix (subspace #          47 , spin            1 )
   0.17748  -0.00004   0.00000  -0.00000  -0.00000
  -0.00004   0.16133  -0.00000   0.00000  -0.00000
   0.00000  -0.00000   0.38116   0.00056  -0.00040
  -0.00000   0.00000   0.00056   0.16191   0.00034
  -0.00000  -0.00000  -0.00040   0.00034   0.36561
   occupation matrix (subspace #          48 , spin            1 )
   0.17787  -0.00000  -0.00000  -0.00000   0.00000
  -0.00000   0.16137  -0.00000  -0.00000  -0.00000
  -0.00000  -0.00000   0.38064  -0.00000  -0.00010
  -0.00000  -0.00000  -0.00000   0.16210   0.00000
   0.00000  -0.00000  -0.00010   0.00000   0.36620
   occupation matrix (subspace #          49 , spin            1 )
   0.17799   0.00008  -0.00000  -0.00000   0.00000
   0.00008   0.16207  -0.00000  -0.00000  -0.00000
  -0.00000  -0.00000   0.38003  -0.00005   0.00002
  -0.00000  -0.00000  -0.00005   0.16150  -0.00009
   0.00000  -0.00000   0.00002  -0.00009   0.36628
   occupation matrix (subspace #          50 , spin            1 )
   0.17780   0.00000   0.00000   0.00000  -0.00000
   0.00000   0.16159  -0.00000   0.00000   0.00000
   0.00000  -0.00000   0.38039   0.00000   0.00006
   0.00000   0.00000   0.00000   0.16191  -0.00000
  -0.00000   0.00000   0.00006  -0.00000   0.36615
   occupation matrix (subspace #          51 , spin            1 )
   0.17778  -0.00001   0.00000   0.00001   0.00000
  -0.00001   0.16174  -0.00001  -0.00000  -0.00000
   0.00000  -0.00001   0.38041   0.00001   0.00000
   0.00001  -0.00000   0.00001   0.16174  -0.00000
   0.00000  -0.00000   0.00000  -0.00000   0.36608
   occupation matrix (subspace #          52 , spin            1 )
   0.17779  -0.00000   0.00000   0.00003  -0.00000
  -0.00000   0.16172   0.00004   0.00000   0.00006
   0.00000   0.00004   0.38043  -0.00000  -0.00001
   0.00003   0.00000  -0.00000   0.16177   0.00000
  -0.00000   0.00006  -0.00001   0.00000   0.36609
   occupation matrix (subspace #          53 , spin            1 )
   0.18774  -0.00018  -0.00000   0.00000   0.00000
  -0.00018   0.15817  -0.00000  -0.00000   0.00000
  -0.00000  -0.00000   0.37233  -0.00409   0.00484
   0.00000  -0.00000  -0.00409   0.16740   0.00465
   0.00000   0.00000   0.00484   0.00465   0.36635
   occupation matrix (subspace #          54 , spin            1 )
   2.02616  -0.00000  -0.00000  -0.00000  -0.00000
  -0.00000   2.06464   0.00000  -0.00000  -0.00000
  -0.00000   0.00000   0.75122  -0.00000   0.00000
  -0.00000  -0.00000  -0.00000   2.06464   0.00000
  -0.00000  -0.00000   0.00000   0.00000   0.71665
   occupation matrix (subspace #          55 , spin            1 )
   0.17752   0.00099   0.00003   0.00001  -0.00049
   0.00099   0.16258  -0.00120   0.00006   0.00046
   0.00003  -0.00120   0.38080  -0.00023   0.00001
   0.00001   0.00006  -0.00023   0.16169  -0.00038
  -0.00049   0.00046   0.00001  -0.00038   0.36594
   occupation matrix (subspace #          56 , spin            1 )
   0.18774   0.00000   0.00000   0.00018  -0.00000
   0.00000   0.16741   0.00409   0.00000   0.00466
   0.00000   0.00409   0.37233  -0.00000  -0.00484
   0.00018   0.00000  -0.00000   0.15817   0.00000
  -0.00000   0.00466  -0.00484   0.00000   0.36635
   occupation matrix (subspace #          57 , spin            1 )
   0.17779  -0.00003  -0.00000  -0.00000   0.00000
  -0.00003   0.16177  -0.00000  -0.00000  -0.00000
  -0.00000  -0.00000   0.38043  -0.00004   0.00001
  -0.00000  -0.00000  -0.00004   0.16172   0.00006
   0.00000  -0.00000   0.00001   0.00006   0.36609
   occupation matrix (subspace #          58 , spin            1 )
   0.17780   0.00000   0.00000   0.00000  -0.00000
   0.00000   0.16192  -0.00000   0.00000   0.00000
   0.00000  -0.00000   0.38039   0.00000  -0.00006
   0.00000   0.00000   0.00000   0.16159  -0.00000
  -0.00000   0.00000  -0.00006  -0.00000   0.36615
   occupation matrix (subspace #          59 , spin            1 )
   0.17752  -0.00001   0.00003  -0.00099   0.00049
  -0.00001   0.16169   0.00023   0.00006  -0.00038
   0.00003   0.00023   0.38080   0.00120  -0.00001
  -0.00099   0.00006   0.00120   0.16257   0.00046
   0.00049  -0.00038  -0.00001   0.00046   0.36594
   occupation matrix (subspace #          60 , spin            1 )
   0.17799  -0.00000   0.00000  -0.00008  -0.00000
  -0.00000   0.16150   0.00005   0.00000  -0.00010
   0.00000   0.00005   0.38003  -0.00000  -0.00002
  -0.00008   0.00000  -0.00000   0.16206   0.00000
  -0.00000  -0.00010  -0.00002   0.00000   0.36628
   occupation matrix (subspace #          61 , spin            1 )
   0.17778   0.00004   0.00000  -0.00003   0.00001
   0.00004   0.16151  -0.00004   0.00002  -0.00003
   0.00000  -0.00004   0.38044   0.00023  -0.00006
  -0.00003   0.00002   0.00023   0.16194   0.00000
   0.00001  -0.00003  -0.00006   0.00000   0.36603
   occupation matrix (subspace #          62 , spin            1 )
   0.17779   0.00000  -0.00000   0.00001   0.00000
   0.00000   0.16177   0.00001  -0.00000   0.00001
  -0.00000   0.00001   0.38037   0.00000  -0.00004
   0.00001  -0.00000   0.00000   0.16169  -0.00000
   0.00000   0.00001  -0.00004  -0.00000   0.36613
   occupation matrix (subspace #          63 , spin            1 )
   0.17778  -0.00001  -0.00000  -0.00001  -0.00000
  -0.00001   0.16174   0.00001   0.00000   0.00000
  -0.00000   0.00001   0.38041   0.00001   0.00000
  -0.00001   0.00000   0.00001   0.16174  -0.00000
  -0.00000   0.00000   0.00000  -0.00000   0.36608
   occupation matrix (subspace #          64 , spin            1 )
   0.17779  -0.00000   0.00000  -0.00003  -0.00000
  -0.00000   0.16172  -0.00004   0.00000  -0.00006
   0.00000  -0.00004   0.38043  -0.00000  -0.00001
  -0.00003   0.00000  -0.00000   0.16177   0.00000
  -0.00000  -0.00006  -0.00001   0.00000   0.36609
   occupation matrix (subspace #          65 , spin            1 )
   0.17790  -0.00023   0.00043   0.00030   0.00024
  -0.00023   0.16543  -0.00147   0.00018   0.00027
   0.00043  -0.00147   0.38145  -0.00117   0.00080
   0.00030   0.00018  -0.00117   0.15924   0.00313
   0.00024   0.00027   0.00080   0.00313   0.36579
   occupation matrix (subspace #          66 , spin            1 )
   0.19281   0.00000  -0.00000  -0.00645  -0.00000
   0.00000   0.16649   0.00337  -0.00000   0.00397
  -0.00000   0.00337   0.37944   0.00000   0.00495
  -0.00645  -0.00000   0.00000   0.15000  -0.00000
  -0.00000   0.00397   0.00495  -0.00000   0.37005
   occupation matrix (subspace #          67 , spin            1 )
   0.17752   0.00099  -0.00003  -0.00001   0.00049
   0.00099   0.16258   0.00120  -0.00006  -0.00046
  -0.00003   0.00120   0.38080  -0.00023   0.00001
  -0.00001  -0.00006  -0.00023   0.16169  -0.00038
   0.00049  -0.00046   0.00001  -0.00038   0.36594
   occupation matrix (subspace #          68 , spin            1 )
   0.18774  -0.00000  -0.00000  -0.00018   0.00000
  -0.00000   0.16741  -0.00409  -0.00000  -0.00466
  -0.00000  -0.00409   0.37233  -0.00000  -0.00484
  -0.00018  -0.00000  -0.00000   0.15817   0.00000
   0.00000  -0.00466  -0.00484   0.00000   0.36635
   occupation matrix (subspace #          69 , spin            1 )
   0.17779  -0.00002  -0.00000  -0.00001   0.00000
  -0.00002   0.16176   0.00001   0.00000  -0.00002
  -0.00000   0.00001   0.38042  -0.00004   0.00000
  -0.00001   0.00000  -0.00004   0.16173   0.00005
   0.00000  -0.00002   0.00000   0.00005   0.36608
   occupation matrix (subspace #          70 , spin            1 )
   0.17777   0.00000  -0.00000   0.00000  -0.00000
   0.00000   0.16175  -0.00009  -0.00000  -0.00015
  -0.00000  -0.00009   0.38056   0.00000  -0.00007
   0.00000  -0.00000   0.00000   0.16175  -0.00000
  -0.00000  -0.00015  -0.00007  -0.00000   0.36603
   occupation matrix (subspace #          71 , spin            1 )
   0.17752  -0.00001  -0.00003   0.00099  -0.00049
  -0.00001   0.16169  -0.00023  -0.00006   0.00038
  -0.00003  -0.00023   0.38080   0.00120  -0.00001
   0.00099  -0.00006   0.00120   0.16257   0.00046
  -0.00049   0.00038  -0.00001   0.00046   0.36594
   occupation matrix (subspace #          72 , spin            1 )
   0.17799  -0.00000   0.00000   0.00008  -0.00000
  -0.00000   0.16150  -0.00005   0.00000   0.00009
   0.00000  -0.00005   0.38003  -0.00000  -0.00002
   0.00008   0.00000  -0.00000   0.16206   0.00000
  -0.00000   0.00009  -0.00002   0.00000   0.36628
   occupation matrix (subspace #          73 , spin            1 )
   0.17774  -0.00000  -0.00000   0.00007  -0.00000
  -0.00000   0.16189   0.00013   0.00000   0.00020
  -0.00000   0.00013   0.38077   0.00000   0.00013
   0.00007   0.00000   0.00000   0.16144  -0.00000
  -0.00000   0.00020   0.00013  -0.00000   0.36613
   occupation matrix (subspace #          74 , spin            1 )
   0.17782  -0.00001   0.00001  -0.00000  -0.00002
  -0.00001   0.16180   0.00000   0.00000  -0.00000
   0.00001   0.00000   0.38043  -0.00008  -0.00003
  -0.00000   0.00000  -0.00008   0.16170   0.00016
  -0.00002  -0.00000  -0.00003   0.00016   0.36609
   occupation matrix (subspace #          75 , spin            1 )
   0.17782  -0.00000   0.00000  -0.00000  -0.00000
  -0.00000   0.16174  -0.00000  -0.00000  -0.00000
   0.00000  -0.00000   0.38036  -0.00000   0.00000
  -0.00000  -0.00000  -0.00000   0.16174   0.00000
  -0.00000  -0.00000   0.00000   0.00000   0.36611
   occupation matrix (subspace #          76 , spin            1 )
   0.17780  -0.00001  -0.00000  -0.00000  -0.00000
  -0.00001   0.16175  -0.00000  -0.00000  -0.00000
  -0.00000  -0.00000   0.38038   0.00002   0.00001
  -0.00000  -0.00000   0.00002   0.16174   0.00002
  -0.00000  -0.00000   0.00001   0.00002   0.36610
   occupation matrix (subspace #          77 , spin            1 )
   0.17800  -0.00000  -0.00000   0.00007  -0.00000
  -0.00000   0.16089   0.00123   0.00000   0.00026
  -0.00000   0.00123   0.37996   0.00000  -0.00016
   0.00007   0.00000   0.00000   0.16270  -0.00000
  -0.00000   0.00026  -0.00016  -0.00000   0.36666
   occupation matrix (subspace #          78 , spin            1 )
   0.18200  -0.00139  -0.00057   0.00139  -0.00000
  -0.00139   0.16236   0.00113  -0.00024   0.00027
  -0.00057   0.00113   0.37601  -0.00113   0.00000
   0.00139  -0.00024  -0.00113   0.16236   0.00027
  -0.00000   0.00027   0.00000   0.00027   0.36670
   occupation matrix (subspace #          79 , spin            1 )
   0.17733  -0.00000   0.00000  -0.00000  -0.00000
  -0.00000   0.16300  -0.00000   0.00000  -0.00000
   0.00000  -0.00000   0.38131  -0.00000   0.00023
  -0.00000   0.00000  -0.00000   0.16082   0.00000
  -0.00000  -0.00000   0.00023   0.00000   0.36551
   occupation matrix (subspace #          80 , spin            1 )
   0.17800  -0.00007  -0.00000   0.00000  -0.00000
  -0.00007   0.16270   0.00000  -0.00000  -0.00000
  -0.00000   0.00000   0.37996  -0.00123   0.00016
   0.00000  -0.00000  -0.00123   0.16089   0.00026
  -0.00000  -0.00000   0.00016   0.00026   0.36666
   occupation matrix (subspace #          81 , spin            1 )
   0.17780   0.00000  -0.00000   0.00001  -0.00000
   0.00000   0.16175  -0.00002  -0.00000   0.00002
  -0.00000  -0.00002   0.38038   0.00000  -0.00001
   0.00001  -0.00000   0.00000   0.16174  -0.00000
  -0.00000   0.00002  -0.00001  -0.00000   0.36610
   occupation matrix (subspace #          82 , spin            1 )
   0.17782   0.00000   0.00001   0.00001   0.00002
   0.00000   0.16171   0.00008   0.00000   0.00016
   0.00001   0.00008   0.38043  -0.00000   0.00003
   0.00001   0.00000  -0.00000   0.16180  -0.00000
   0.00002   0.00016   0.00003  -0.00000   0.36609
   occupation matrix (subspace #          83 , spin            1 )
   0.17733  -0.00000  -0.00000   0.00000  -0.00000
  -0.00000   0.16082  -0.00000   0.00000   0.00000
  -0.00000  -0.00000   0.38131  -0.00000  -0.00023
   0.00000   0.00000  -0.00000   0.16300   0.00000
  -0.00000   0.00000  -0.00023   0.00000   0.36551
   occupation matrix (subspace #          84 , spin            1 )
   0.17774  -0.00007  -0.00000   0.00000   0.00000
  -0.00007   0.16145  -0.00000  -0.00000   0.00000
  -0.00000  -0.00000   0.38077  -0.00014  -0.00013
   0.00000  -0.00000  -0.00014   0.16188   0.00020
   0.00000   0.00000  -0.00013   0.00020   0.36613
   occupation matrix (subspace #          85 , spin            1 )
   0.17787  -0.00000  -0.00000  -0.00000   0.00000
  -0.00000   0.16211  -0.00000  -0.00000  -0.00000
  -0.00000  -0.00000   0.38064   0.00000   0.00010
  -0.00000  -0.00000   0.00000   0.16136  -0.00000
   0.00000  -0.00000   0.00010  -0.00000   0.36620
   occupation matrix (subspace #          86 , spin            1 )
   0.17777   0.00000   0.00000   0.00000  -0.00000
   0.00000   0.16176  -0.00000   0.00000   0.00000
   0.00000  -0.00000   0.38056  -0.00009   0.00007
   0.00000   0.00000  -0.00009   0.16174   0.00015
  -0.00000   0.00000   0.00007   0.00015   0.36603
   occupation matrix (subspace #          87 , spin            1 )
   0.17780  -0.00000  -0.00000   0.00000   0.00000
  -0.00000   0.16170  -0.00001  -0.00000  -0.00001
  -0.00000  -0.00001   0.38039   0.00000  -0.00001
   0.00000  -0.00000   0.00000   0.16178   0.00000
   0.00000  -0.00001  -0.00001   0.00000   0.36610
   occupation matrix (subspace #          88 , spin            1 )
   0.17779  -0.00001   0.00000   0.00002   0.00000
  -0.00001   0.16173   0.00004  -0.00000   0.00005
   0.00000   0.00004   0.38042   0.00001  -0.00000
   0.00002  -0.00000   0.00001   0.16175   0.00002
   0.00000   0.00005  -0.00000   0.00002   0.36608
   occupation matrix (subspace #          89 , spin            1 )
   0.17854  -0.00000  -0.00000  -0.00000   0.00000
  -0.00000   0.16395  -0.00000  -0.00000  -0.00000
  -0.00000  -0.00000   0.37891  -0.00000  -0.00006
  -0.00000  -0.00000  -0.00000   0.15942  -0.00000
   0.00000  -0.00000  -0.00006  -0.00000   0.36493
   occupation matrix (subspace #          90 , spin            1 )
   0.19280  -0.00645   0.00000   0.00000  -0.00000
  -0.00645   0.15001  -0.00000   0.00000   0.00000
   0.00000  -0.00000   0.37944   0.00337  -0.00494
   0.00000   0.00000   0.00337   0.16649  -0.00397
  -0.00000   0.00000  -0.00494  -0.00397   0.37005
   occupation matrix (subspace #          91 , spin            1 )
   0.17748  -0.00000  -0.00000   0.00004   0.00000
  -0.00000   0.16192  -0.00056  -0.00000   0.00034
  -0.00000  -0.00056   0.38116  -0.00000   0.00041
   0.00004  -0.00000  -0.00000   0.16133   0.00000
   0.00000   0.00034   0.00041   0.00000   0.36561
   occupation matrix (subspace #          92 , spin            1 )
   0.17790   0.00030  -0.00043   0.00023   0.00024
   0.00030   0.15924   0.00117  -0.00018   0.00313
  -0.00043   0.00117   0.38145  -0.00147  -0.00080
   0.00023  -0.00018  -0.00147   0.16542  -0.00027
   0.00024   0.00313  -0.00080  -0.00027   0.36579
   occupation matrix (subspace #          93 , spin            1 )
   0.17781   0.00000  -0.00000  -0.00000   0.00000
   0.00000   0.16172  -0.00000  -0.00000  -0.00000
  -0.00000  -0.00000   0.38039   0.00000  -0.00000
  -0.00000  -0.00000   0.00000   0.16176  -0.00000
   0.00000  -0.00000  -0.00000  -0.00000   0.36610
   occupation matrix (subspace #          94 , spin            1 )
   0.17779   0.00001   0.00000   0.00000  -0.00000
   0.00001   0.16170  -0.00000   0.00000   0.00000
   0.00000  -0.00000   0.38037   0.00001   0.00005
   0.00000   0.00000   0.00001   0.16177  -0.00001
  -0.00000   0.00000   0.00005  -0.00001   0.36613
   occupation matrix (subspace #          95 , spin            1 )
   0.17780  -0.00000  -0.00000   0.00014   0.00000
  -0.00000   0.16196   0.00066  -0.00000   0.00106
  -0.00000   0.00066   0.38025  -0.00000   0.00031
   0.00014  -0.00000  -0.00000   0.16153   0.00000
   0.00000   0.00106   0.00031   0.00000   0.36640
   occupation matrix (subspace #          96 , spin            1 )
   0.17778  -0.00003  -0.00000  -0.00005   0.00001
  -0.00003   0.16195  -0.00023  -0.00002   0.00000
  -0.00000  -0.00023   0.38044  -0.00004   0.00007
  -0.00005  -0.00002  -0.00004   0.16150   0.00003
   0.00001   0.00000   0.00007   0.00003   0.36603
   occupation matrix (subspace #          97 , spin            1 )
   0.17774   0.00000   0.00000  -0.00007  -0.00000
   0.00000   0.16189  -0.00013   0.00000  -0.00020
   0.00000  -0.00013   0.38077   0.00000   0.00013
  -0.00007   0.00000   0.00000   0.16144  -0.00000
  -0.00000  -0.00020   0.00013  -0.00000   0.36613
   occupation matrix (subspace #          98 , spin            1 )
   0.17782  -0.00001  -0.00001   0.00000   0.00002
  -0.00001   0.16180  -0.00001  -0.00000   0.00000
  -0.00001  -0.00001   0.38043  -0.00008  -0.00003
   0.00000  -0.00000  -0.00008   0.16170   0.00016
   0.00002   0.00000  -0.00003   0.00016   0.36609
   occupation matrix (subspace #          99 , spin            1 )
   0.17780  -0.00000  -0.00000  -0.00000   0.00000
  -0.00000   0.16170   0.00001  -0.00000   0.00001
  -0.00000   0.00001   0.38039   0.00000  -0.00001
  -0.00000  -0.00000   0.00000   0.16178   0.00000
   0.00000   0.00001  -0.00001   0.00000   0.36610
   occupation matrix (subspace #         100 , spin            1 )
   0.17779  -0.00001  -0.00000  -0.00002  -0.00000
  -0.00001   0.16173  -0.00004   0.00000  -0.00005
  -0.00000  -0.00004   0.38042   0.00001  -0.00000
  -0.00002   0.00000   0.00001   0.16175   0.00002
  -0.00000  -0.00005  -0.00000   0.00002   0.36608
   occupation matrix (subspace #         101 , spin            1 )
   0.17800   0.00000  -0.00000  -0.00007  -0.00000
   0.00000   0.16089  -0.00123   0.00000  -0.00026
  -0.00000  -0.00123   0.37996   0.00000  -0.00016
  -0.00007   0.00000   0.00000   0.16270  -0.00000
  -0.00000  -0.00026  -0.00016  -0.00000   0.36666
   occupation matrix (subspace #         102 , spin            1 )
   0.18200  -0.00139   0.00057  -0.00139   0.00000
  -0.00139   0.16236  -0.00113   0.00024  -0.00027
   0.00057  -0.00113   0.37601  -0.00113   0.00000
  -0.00139   0.00024  -0.00113   0.16236   0.00027
   0.00000  -0.00027   0.00000   0.00027   0.36670
   occupation matrix (subspace #         103 , spin            1 )
   0.17748  -0.00000  -0.00000  -0.00004  -0.00000
  -0.00000   0.16192   0.00056  -0.00000  -0.00034
  -0.00000   0.00056   0.38116  -0.00000   0.00041
  -0.00004  -0.00000  -0.00000   0.16133   0.00000
  -0.00000  -0.00034   0.00041   0.00000   0.36561
   occupation matrix (subspace #         104 , spin            1 )
   0.17790   0.00030   0.00043  -0.00023  -0.00024
   0.00030   0.15924  -0.00117   0.00018  -0.00313
   0.00043  -0.00117   0.38145  -0.00147  -0.00080
  -0.00023   0.00018  -0.00147   0.16542  -0.00027
  -0.00024  -0.00313  -0.00080  -0.00027   0.36579
   occupation matrix (subspace #         105 , spin            1 )
   0.17780   0.00000   0.00000  -0.00001  -0.00000
   0.00000   0.16175   0.00002   0.00000  -0.00002
   0.00000   0.00002   0.38038   0.00000  -0.00001
  -0.00001   0.00000   0.00000   0.16174  -0.00000
  -0.00000  -0.00002  -0.00001  -0.00000   0.36610
   occupation matrix (subspace #         106 , spin            1 )
   0.17782   0.00000  -0.00001  -0.00001  -0.00002
   0.00000   0.16171  -0.00008  -0.00000  -0.00016
  -0.00001  -0.00008   0.38043  -0.00000   0.00003
  -0.00001  -0.00000  -0.00000   0.16180  -0.00001
  -0.00002  -0.00016   0.00003  -0.00001   0.36609
   occupation matrix (subspace #         107 , spin            1 )
   0.17780  -0.00000  -0.00000  -0.00014  -0.00000
  -0.00000   0.16196  -0.00066  -0.00000  -0.00106
  -0.00000  -0.00066   0.38025  -0.00000   0.00031
  -0.00014  -0.00000  -0.00000   0.16153   0.00000
  -0.00000  -0.00106   0.00031   0.00000   0.36640
   occupation matrix (subspace #         108 , spin            1 )
   0.17778  -0.00003   0.00000   0.00005  -0.00001
  -0.00003   0.16195   0.00023   0.00002  -0.00000
   0.00000   0.00023   0.38044  -0.00004   0.00007
   0.00005   0.00002  -0.00004   0.16150   0.00003
  -0.00001  -0.00000   0.00007   0.00003   0.36603
