   occupation matrix (subspace #           1 , spin            1 )
   0.09466  -0.00364   0.00106   0.00134  -0.01044
  -0.00364   0.09860  -0.00567  -0.00166  -0.00975
   0.00106  -0.00567   0.08403  -0.00761   0.00066
   0.00134  -0.00166  -0.00761   0.09559   0.00697
  -0.01044  -0.00975   0.00066   0.00697   0.08046
   occupation matrix (subspace #           2 , spin            1 )
   0.09466  -0.00364  -0.00106  -0.00134   0.01044
  -0.00364   0.09860   0.00567   0.00166   0.00975
  -0.00106   0.00567   0.08403  -0.00761   0.00066
  -0.00134   0.00166  -0.00761   0.09559   0.00697
   0.01044   0.00975   0.00066   0.00697   0.08046
   occupation matrix (subspace #           3 , spin            1 )
   0.09466  -0.00364   0.00106   0.00134  -0.01044
  -0.00364   0.09860  -0.00567  -0.00166  -0.00975
   0.00106  -0.00567   0.08403  -0.00761   0.00066
   0.00134  -0.00166  -0.00761   0.09559   0.00697
  -0.01044  -0.00975   0.00066   0.00697   0.08046
   occupation matrix (subspace #           4 , spin            1 )
   0.09466  -0.00364  -0.00106  -0.00134   0.01044
  -0.00364   0.09860   0.00567   0.00166   0.00975
  -0.00106   0.00567   0.08403  -0.00761   0.00066
  -0.00134   0.00166  -0.00761   0.09559   0.00697
   0.01044   0.00975   0.00066   0.00697   0.08046
   occupation matrix (subspace #           5 , spin            1 )
   0.09269   0.00043   0.00090   0.00165   0.01066
   0.00043   0.10131   0.00651  -0.00138  -0.00129
   0.00090   0.00651   0.08287   0.00759   0.00001
   0.00165  -0.00138   0.00759   0.09547  -0.00773
   0.01066  -0.00129   0.00001  -0.00773   0.08008
   occupation matrix (subspace #           6 , spin            1 )
   0.09269   0.00043  -0.00090  -0.00165  -0.01066
   0.00043   0.10131  -0.00651   0.00138   0.00129
  -0.00090  -0.00651   0.08287   0.00759   0.00001
  -0.00165   0.00138   0.00759   0.09547  -0.00773
  -0.01066   0.00129   0.00001  -0.00773   0.08008
   occupation matrix (subspace #           7 , spin            1 )
   0.09269   0.00043   0.00090   0.00165   0.01066
   0.00043   0.10131   0.00651  -0.00138  -0.00129
   0.00090   0.00651   0.08287   0.00759   0.00001
   0.00165  -0.00138   0.00759   0.09547  -0.00773
   0.01066  -0.00129   0.00001  -0.00773   0.08008
   occupation matrix (subspace #           8 , spin            1 )
   0.09269   0.00043  -0.00090  -0.00165  -0.01066
   0.00043   0.10131  -0.00651   0.00138   0.00129
  -0.00090  -0.00651   0.08287   0.00759   0.00001
  -0.00165   0.00138   0.00759   0.09547  -0.00773
  -0.01066   0.00129   0.00001  -0.00773   0.08008
   occupation matrix (subspace #           9 , spin            1 )
   1.65338  -0.01008   0.00334
  -0.01008   1.65825  -0.01357
   0.00334  -0.01357   1.43629
   occupation matrix (subspace #          10 , spin            1 )
   1.65338   0.01008  -0.00334
   0.01008   1.65825  -0.01357
  -0.00334  -0.01357   1.43629
   occupation matrix (subspace #          11 , spin            1 )
   1.65338  -0.01008   0.00334
  -0.01008   1.65825  -0.01357
   0.00334  -0.01357   1.43629
   occupation matrix (subspace #          12 , spin            1 )
   1.65338   0.01008  -0.00334
   0.01008   1.65825  -0.01357
  -0.00334  -0.01357   1.43629
   occupation matrix (subspace #          13 , spin            1 )
   1.65537   0.00954   0.00384
   0.00954   1.66122   0.01584
   0.00384   0.01584   1.44215
   occupation matrix (subspace #          14 , spin            1 )
   1.65537  -0.00954  -0.00384
  -0.00954   1.66122   0.01584
  -0.00384   0.01584   1.44215
   occupation matrix (subspace #          15 , spin            1 )
   1.65537   0.00954   0.00384
   0.00954   1.66122   0.01584
   0.00384   0.01584   1.44215
   occupation matrix (subspace #          16 , spin            1 )
   1.65537  -0.00954  -0.00384
  -0.00954   1.66122   0.01584
  -0.00384   0.01584   1.44215
   occupation matrix (subspace #          17 , spin            1 )
   1.43596   0.01380  -0.01363
   0.01380   1.61946   0.01130
  -0.01363   0.01130   1.59387
   occupation matrix (subspace #          18 , spin            1 )
   1.43596  -0.01380   0.01363
  -0.01380   1.61946   0.01130
   0.01363   0.01130   1.59387
   occupation matrix (subspace #          19 , spin            1 )
   1.43596   0.01380  -0.01363
   0.01380   1.61946   0.01130
  -0.01363   0.01130   1.59387
   occupation matrix (subspace #          20 , spin            1 )
   1.43596  -0.01380   0.01363
  -0.01380   1.61946   0.01130
   0.01363   0.01130   1.59387
   occupation matrix (subspace #          21 , spin            1 )
   1.43605  -0.01350   0.01819
  -0.01350   1.62513  -0.00419
   0.01819  -0.00419   1.59248
   occupation matrix (subspace #          22 , spin            1 )
   1.43605   0.01350  -0.01819
   0.01350   1.62513  -0.00419
  -0.01819  -0.00419   1.59248
   occupation matrix (subspace #          23 , spin            1 )
   1.43605  -0.01350   0.01819
  -0.01350   1.62513  -0.00419
   0.01819  -0.00419   1.59248
   occupation matrix (subspace #          24 , spin            1 )
   1.43605   0.01350  -0.01819
   0.01350   1.62513  -0.00419
  -0.01819  -0.00419   1.59248
   occupation matrix (subspace #          25 , spin            1 )
   1.57786   0.00532   0.00530
   0.00532   1.43044   0.02057
   0.00530   0.02057   1.56813
   occupation matrix (subspace #          26 , spin            1 )
   1.57786  -0.00532  -0.00530
  -0.00532   1.43044   0.02057
  -0.00530   0.02057   1.56813
   occupation matrix (subspace #          27 , spin            1 )
   1.57786   0.00532   0.00530
   0.00532   1.43044   0.02057
   0.00530   0.02057   1.56813
   occupation matrix (subspace #          28 , spin            1 )
   1.57786  -0.00532  -0.00530
  -0.00532   1.43044   0.02057
  -0.00530   0.02057   1.56813
   occupation matrix (subspace #          29 , spin            1 )
   1.58297   0.02307   0.01137
   0.02307   1.42841  -0.02003
   0.01137  -0.02003   1.56407
   occupation matrix (subspace #          30 , spin            1 )
   1.58297  -0.02307  -0.01137
  -0.02307   1.42841  -0.02003
  -0.01137  -0.02003   1.56407
   occupation matrix (subspace #          31 , spin            1 )
   1.58297   0.02307   0.01137
   0.02307   1.42841  -0.02003
   0.01137  -0.02003   1.56406
   occupation matrix (subspace #          32 , spin            1 )
   1.58297  -0.02307  -0.01137
  -0.02307   1.42841  -0.02003
  -0.01137  -0.02003   1.56407
