   occupation matrix (subspace #           1 , spin            1 )
   0.29445  -0.00074   0.11321   0.00074   0.00000
  -0.00074   0.28368   0.00055  -0.10532   0.00020
   0.11321   0.00055   0.19814  -0.00055   0.00000
   0.00074  -0.10532  -0.00055   0.28369   0.00020
   0.00000   0.00020   0.00000   0.00020   0.17064
   occupation matrix (subspace #           2 , spin            1 )
   0.29759   0.00000  -0.11484   0.00000  -0.00000
   0.00000   0.28202   0.00000   0.10580  -0.00000
  -0.11484   0.00000   0.19530   0.00000   0.00000
   0.00000   0.10580   0.00000   0.28202  -0.00000
  -0.00000  -0.00000   0.00000  -0.00000   0.17151
   occupation matrix (subspace #           3 , spin            1 )
   0.29439  -0.00000   0.11428  -0.00000   0.00000
  -0.00000   0.28475  -0.00000  -0.10665   0.00000
   0.11428  -0.00000   0.20231   0.00000   0.00000
  -0.00000  -0.10665   0.00000   0.28476  -0.00000
   0.00000   0.00000   0.00000  -0.00000   0.17074
   occupation matrix (subspace #           4 , spin            1 )
   0.29393   0.00000  -0.11227   0.00000  -0.00000
   0.00000   0.28583  -0.00000   0.10621  -0.00000
  -0.11227  -0.00000   0.20033  -0.00000   0.00000
   0.00000   0.10621  -0.00000   0.28584  -0.00000
  -0.00000  -0.00000   0.00000  -0.00000   0.17082
   occupation matrix (subspace #           5 , spin            1 )
   0.29445   0.00074   0.11321  -0.00074   0.00000
   0.00074   0.28368  -0.00055  -0.10532  -0.00020
   0.11321  -0.00055   0.19814   0.00055   0.00000
  -0.00074  -0.10532   0.00055   0.28369  -0.00020
   0.00000  -0.00020   0.00000  -0.00020   0.17064
   occupation matrix (subspace #           6 , spin            1 )
   0.29393  -0.00000  -0.11228  -0.00000  -0.00000
  -0.00000   0.28583  -0.00000   0.10621   0.00000
  -0.11228  -0.00000   0.20033   0.00000   0.00000
  -0.00000   0.10621   0.00000   0.28584   0.00000
  -0.00000   0.00000   0.00000   0.00000   0.17082
   occupation matrix (subspace #           7 , spin            1 )
   0.29439   0.00044   0.11328  -0.00121   0.00050
   0.00044   0.28579  -0.00126  -0.10545  -0.00111
   0.11328  -0.00126   0.19782  -0.00089   0.00032
  -0.00121  -0.10545  -0.00089   0.28357  -0.00105
   0.00050  -0.00111   0.00032  -0.00105   0.17267
   occupation matrix (subspace #           8 , spin            1 )
   0.29173   0.00000  -0.11317   0.00000   0.00138
   0.00000   0.28357   0.00000   0.10397  -0.00000
  -0.11317   0.00000   0.20445   0.00000   0.00012
   0.00000   0.10397   0.00000   0.28826   0.00000
   0.00138  -0.00000   0.00012   0.00000   0.17336
   occupation matrix (subspace #           9 , spin            1 )
   0.29266  -0.00000   0.11360  -0.00000   0.00125
  -0.00000   0.28838  -0.00000  -0.10323   0.00000
   0.11360  -0.00000   0.20073   0.00000  -0.00008
  -0.00000  -0.10323   0.00000   0.28279  -0.00000
   0.00125   0.00000  -0.00008  -0.00000   0.17584
   occupation matrix (subspace #          10 , spin            1 )
   0.29492  -0.00080  -0.11298  -0.00050   0.00052
  -0.00080   0.28393   0.00030   0.10565  -0.00033
  -0.11298   0.00030   0.19843  -0.00110  -0.00033
  -0.00050   0.10565  -0.00110   0.28426   0.00041
   0.00052  -0.00033  -0.00033   0.00041   0.17132
   occupation matrix (subspace #          11 , spin            1 )
   0.29439  -0.00044   0.11328   0.00121   0.00050
  -0.00044   0.28579   0.00126  -0.10544   0.00111
   0.11328   0.00126   0.19782   0.00089   0.00032
   0.00121  -0.10544   0.00089   0.28357   0.00105
   0.00050   0.00111   0.00032   0.00105   0.17267
   occupation matrix (subspace #          12 , spin            1 )
   0.29492   0.00080  -0.11298   0.00050   0.00052
   0.00080   0.28393  -0.00030   0.10565   0.00033
  -0.11298  -0.00030   0.19843   0.00110  -0.00033
   0.00050   0.10565   0.00110   0.28426  -0.00041
   0.00052   0.00033  -0.00033  -0.00041   0.17132
   occupation matrix (subspace #          13 , spin            1 )
   0.29285  -0.00054   0.11225  -0.00054   0.00000
  -0.00054   0.28658   0.00034  -0.10675  -0.00134
   0.11225   0.00034   0.20000   0.00034   0.00000
  -0.00054  -0.10675   0.00034   0.28658   0.00134
   0.00000  -0.00134   0.00000   0.00134   0.17161
   occupation matrix (subspace #          14 , spin            1 )
   0.29173   0.00000  -0.11317   0.00000   0.00138
   0.00000   0.28357   0.00000   0.10397  -0.00000
  -0.11317   0.00000   0.20445   0.00000   0.00012
   0.00000   0.10397   0.00000   0.28826  -0.00000
   0.00138  -0.00000   0.00012  -0.00000   0.17336
   occupation matrix (subspace #          15 , spin            1 )
   0.29328  -0.00000   0.11212  -0.00000   0.00000
  -0.00000   0.28385  -0.00000  -0.10380   0.00000
   0.11212  -0.00000   0.19497   0.00000   0.00000
  -0.00000  -0.10380   0.00000   0.28386  -0.00000
   0.00000   0.00000   0.00000  -0.00000   0.17468
   occupation matrix (subspace #          16 , spin            1 )
   0.29492   0.00080  -0.11298   0.00050   0.00052
   0.00080   0.28393  -0.00030   0.10565   0.00033
  -0.11298  -0.00030   0.19843   0.00110  -0.00033
   0.00050   0.10565   0.00110   0.28426  -0.00041
   0.00052   0.00033  -0.00033  -0.00041   0.17132
   occupation matrix (subspace #          17 , spin            1 )
   0.29285   0.00054   0.11225   0.00054   0.00000
   0.00054   0.28658  -0.00034  -0.10675   0.00134
   0.11225  -0.00034   0.20000  -0.00034   0.00000
   0.00054  -0.10675  -0.00034   0.28658  -0.00134
   0.00000   0.00134   0.00000  -0.00134   0.17161
   occupation matrix (subspace #          18 , spin            1 )
   0.29492  -0.00080  -0.11298  -0.00050   0.00052
  -0.00080   0.28393   0.00030   0.10565  -0.00033
  -0.11298   0.00030   0.19843  -0.00110  -0.00033
  -0.00050   0.10565  -0.00110   0.28426   0.00041
   0.00052  -0.00033  -0.00033   0.00041   0.17132
   occupation matrix (subspace #          19 , spin            1 )
   0.29439   0.00121   0.11328  -0.00044  -0.00049
   0.00121   0.28357   0.00089  -0.10545  -0.00105
   0.11328   0.00089   0.19782   0.00126  -0.00032
  -0.00044  -0.10545   0.00126   0.28579  -0.00111
  -0.00049  -0.00105  -0.00032  -0.00111   0.17267
   occupation matrix (subspace #          20 , spin            1 )
   0.29173   0.00000  -0.11318   0.00000  -0.00138
   0.00000   0.28826   0.00000   0.10397   0.00000
  -0.11318   0.00000   0.20445   0.00000  -0.00012
   0.00000   0.10397   0.00000   0.28357  -0.00000
  -0.00138   0.00000  -0.00012  -0.00000   0.17336
   occupation matrix (subspace #          21 , spin            1 )
   0.29266  -0.00000   0.11360  -0.00000  -0.00125
  -0.00000   0.28279  -0.00000  -0.10323   0.00000
   0.11360  -0.00000   0.20073   0.00000   0.00009
  -0.00000  -0.10323   0.00000   0.28839  -0.00000
  -0.00125   0.00000   0.00009  -0.00000   0.17584
   occupation matrix (subspace #          22 , spin            1 )
   0.29492   0.00050  -0.11298   0.00080  -0.00053
   0.00050   0.28426   0.00110   0.10565   0.00041
  -0.11298   0.00110   0.19843  -0.00030   0.00033
   0.00080   0.10565  -0.00030   0.28393  -0.00033
  -0.00053   0.00041   0.00033  -0.00033   0.17132
   occupation matrix (subspace #          23 , spin            1 )
   0.29439  -0.00121   0.11328   0.00044  -0.00049
  -0.00121   0.28357  -0.00089  -0.10545   0.00105
   0.11328  -0.00089   0.19782  -0.00126  -0.00032
   0.00044  -0.10545  -0.00126   0.28579   0.00111
  -0.00049   0.00105  -0.00032   0.00111   0.17267
   occupation matrix (subspace #          24 , spin            1 )
   0.29492  -0.00050  -0.11298  -0.00080  -0.00053
  -0.00050   0.28426  -0.00110   0.10565  -0.00041
  -0.11298  -0.00110   0.19843   0.00030   0.00033
  -0.00080   0.10565   0.00030   0.28393   0.00033
  -0.00053  -0.00041   0.00033   0.00033   0.17132
   occupation matrix (subspace #          25 , spin            1 )
   0.29845   0.00000   0.11437  -0.00000   0.00000
   0.00000   0.28547  -0.00000  -0.10186   0.00000
   0.11437  -0.00000   0.19141   0.00000   0.00000
  -0.00000  -0.10186   0.00000   0.28548   0.00000
   0.00000   0.00000   0.00000   0.00000   0.17683
   occupation matrix (subspace #          26 , spin            1 )
   0.29560   0.00000  -0.11277   0.00000  -0.00000
   0.00000   0.28224   0.00000   0.10412   0.00000
  -0.11277   0.00000   0.19459   0.00000   0.00000
   0.00000   0.10412   0.00000   0.28225  -0.00000
  -0.00000   0.00000   0.00000  -0.00000   0.17480
   occupation matrix (subspace #          27 , spin            1 )
   1.10184   0.00000  -0.59371   0.00000  -0.00002
   0.00000   1.39273   0.00000   0.65704  -0.00000
  -0.59371   0.00000   1.64899  -0.00000  -0.00001
   0.00000   0.65704  -0.00000   1.39269   0.00000
  -0.00002  -0.00000  -0.00001   0.00000   2.01224
   occupation matrix (subspace #          28 , spin            1 )
   0.29527  -0.00010  -0.11401   0.00010  -0.00000
  -0.00010   0.28432  -0.00110   0.10739   0.00176
  -0.11401  -0.00110   0.20149   0.00110   0.00000
   0.00010   0.10739   0.00110   0.28432   0.00176
  -0.00000   0.00176   0.00000   0.00176   0.18135
   occupation matrix (subspace #          29 , spin            1 )
   0.29845  -0.00000   0.11437   0.00000   0.00000
  -0.00000   0.28547   0.00000  -0.10186  -0.00000
   0.11437   0.00000   0.19141  -0.00000   0.00000
   0.00000  -0.10186  -0.00000   0.28548  -0.00000
   0.00000  -0.00000   0.00000  -0.00000   0.17683
   occupation matrix (subspace #          30 , spin            1 )
   0.29527   0.00010  -0.11401  -0.00010  -0.00000
   0.00010   0.28432   0.00110   0.10739  -0.00176
  -0.11401   0.00110   0.20149  -0.00110   0.00000
  -0.00010   0.10739  -0.00110   0.28432  -0.00176
  -0.00000  -0.00176   0.00000  -0.00176   0.18135
   occupation matrix (subspace #          31 , spin            1 )
   0.29439  -0.00121   0.11328   0.00044  -0.00049
  -0.00121   0.28357  -0.00089  -0.10545   0.00105
   0.11328  -0.00089   0.19781  -0.00126  -0.00032
   0.00044  -0.10545  -0.00126   0.28579   0.00111
  -0.00049   0.00105  -0.00032   0.00111   0.17267
   occupation matrix (subspace #          32 , spin            1 )
   0.29342   0.00000  -0.11299   0.00000  -0.00000
   0.00000   0.28608   0.00000   0.10683  -0.00000
  -0.11299   0.00000   0.20322   0.00000   0.00000
   0.00000   0.10683   0.00000   0.28608   0.00000
  -0.00000  -0.00000   0.00000   0.00000   0.17080
   occupation matrix (subspace #          33 , spin            1 )
   0.29266  -0.00000   0.11360  -0.00000  -0.00125
  -0.00000   0.28279  -0.00000  -0.10323   0.00000
   0.11360  -0.00000   0.20074   0.00000   0.00009
  -0.00000  -0.10323   0.00000   0.28839  -0.00000
  -0.00125   0.00000   0.00009  -0.00000   0.17584
   occupation matrix (subspace #          34 , spin            1 )
   0.29382   0.00144  -0.11319   0.00144  -0.00000
   0.00144   0.28886   0.00385   0.10046   0.00265
  -0.11319   0.00385   0.19358   0.00385   0.00000
   0.00144   0.10046   0.00385   0.28887  -0.00265
  -0.00000   0.00265   0.00000  -0.00265   0.17231
   occupation matrix (subspace #          35 , spin            1 )
   0.29439   0.00121   0.11328  -0.00044  -0.00049
   0.00121   0.28357   0.00089  -0.10545  -0.00105
   0.11328   0.00089   0.19781   0.00126  -0.00032
  -0.00044  -0.10545   0.00126   0.28579  -0.00111
  -0.00049  -0.00105  -0.00032  -0.00111   0.17267
   occupation matrix (subspace #          36 , spin            1 )
   0.29382  -0.00144  -0.11319  -0.00144  -0.00000
  -0.00144   0.28886  -0.00385   0.10046  -0.00265
  -0.11319  -0.00385   0.19358  -0.00385   0.00000
  -0.00144   0.10046  -0.00385   0.28887   0.00265
  -0.00000  -0.00265   0.00000   0.00265   0.17231
   occupation matrix (subspace #          37 , spin            1 )
   0.29285   0.00054   0.11225   0.00054   0.00000
   0.00054   0.28658  -0.00034  -0.10675   0.00134
   0.11225  -0.00034   0.20000  -0.00034   0.00000
   0.00054  -0.10675  -0.00034   0.28658  -0.00134
   0.00000   0.00134   0.00000  -0.00134   0.17161
   occupation matrix (subspace #          38 , spin            1 )
   0.29173   0.00000  -0.11317   0.00000  -0.00138
   0.00000   0.28826   0.00000   0.10397  -0.00000
  -0.11317   0.00000   0.20445   0.00000  -0.00012
   0.00000   0.10397   0.00000   0.28357  -0.00000
  -0.00138  -0.00000  -0.00012  -0.00000   0.17336
   occupation matrix (subspace #          39 , spin            1 )
   0.29328  -0.00000   0.11212  -0.00000   0.00000
  -0.00000   0.28385  -0.00000  -0.10380   0.00000
   0.11212  -0.00000   0.19497   0.00000   0.00000
  -0.00000  -0.10380   0.00000   0.28386  -0.00000
   0.00000   0.00000   0.00000  -0.00000   0.17468
   occupation matrix (subspace #          40 , spin            1 )
   0.29492  -0.00050  -0.11298  -0.00080  -0.00053
  -0.00050   0.28426  -0.00110   0.10565  -0.00041
  -0.11298  -0.00110   0.19843   0.00030   0.00033
  -0.00080   0.10565   0.00030   0.28393   0.00033
  -0.00053  -0.00041   0.00033   0.00033   0.17132
   occupation matrix (subspace #          41 , spin            1 )
   0.29285  -0.00054   0.11225  -0.00054   0.00000
  -0.00054   0.28658   0.00034  -0.10675  -0.00134
   0.11225   0.00034   0.20000   0.00034   0.00000
  -0.00054  -0.10675   0.00034   0.28658   0.00134
   0.00000  -0.00134   0.00000   0.00134   0.17161
   occupation matrix (subspace #          42 , spin            1 )
   0.29492   0.00050  -0.11298   0.00080  -0.00053
   0.00050   0.28426   0.00110   0.10565   0.00041
  -0.11298   0.00110   0.19843  -0.00030   0.00033
   0.00080   0.10565  -0.00030   0.28393  -0.00033
  -0.00053   0.00041   0.00033  -0.00033   0.17132
   occupation matrix (subspace #          43 , spin            1 )
   0.29439  -0.00044   0.11328   0.00121   0.00050
  -0.00044   0.28579   0.00126  -0.10545   0.00111
   0.11328   0.00126   0.19782   0.00089   0.00032
   0.00121  -0.10545   0.00089   0.28357   0.00105
   0.00050   0.00111   0.00032   0.00105   0.17267
   occupation matrix (subspace #          44 , spin            1 )
   0.29342   0.00000  -0.11299   0.00000  -0.00000
   0.00000   0.28608  -0.00000   0.10683   0.00000
  -0.11299  -0.00000   0.20322   0.00000   0.00000
   0.00000   0.10683   0.00000   0.28608  -0.00000
  -0.00000   0.00000   0.00000  -0.00000   0.17080
   occupation matrix (subspace #          45 , spin            1 )
   0.29266  -0.00000   0.11360  -0.00000   0.00125
  -0.00000   0.28839  -0.00000  -0.10323   0.00000
   0.11360  -0.00000   0.20073   0.00000  -0.00008
  -0.00000  -0.10323   0.00000   0.28279  -0.00000
   0.00125   0.00000  -0.00008  -0.00000   0.17584
   occupation matrix (subspace #          46 , spin            1 )
   0.29382  -0.00144  -0.11319  -0.00144  -0.00000
  -0.00144   0.28886  -0.00385   0.10046  -0.00265
  -0.11319  -0.00385   0.19358  -0.00385   0.00000
  -0.00144   0.10046  -0.00385   0.28887   0.00265
  -0.00000  -0.00265   0.00000   0.00265   0.17231
   occupation matrix (subspace #          47 , spin            1 )
   0.29439   0.00044   0.11328  -0.00121   0.00050
   0.00044   0.28579  -0.00126  -0.10545  -0.00111
   0.11328  -0.00126   0.19782  -0.00089   0.00032
  -0.00121  -0.10545  -0.00089   0.28357  -0.00105
   0.00050  -0.00111   0.00032  -0.00105   0.17267
   occupation matrix (subspace #          48 , spin            1 )
   0.29382   0.00144  -0.11319   0.00144  -0.00000
   0.00144   0.28886   0.00385   0.10046   0.00265
  -0.11319   0.00385   0.19358   0.00385   0.00000
   0.00144   0.10046   0.00385   0.28887  -0.00265
  -0.00000   0.00265   0.00000  -0.00265   0.17231
   occupation matrix (subspace #          49 , spin            1 )
   0.29445   0.00074   0.11320  -0.00074   0.00000
   0.00074   0.28368  -0.00055  -0.10532  -0.00020
   0.11320  -0.00055   0.19815   0.00055   0.00000
  -0.00074  -0.10532   0.00055   0.28369  -0.00020
   0.00000  -0.00020   0.00000  -0.00020   0.17064
   occupation matrix (subspace #          50 , spin            1 )
   0.29560   0.00000  -0.11278   0.00000  -0.00000
   0.00000   0.28224   0.00000   0.10412  -0.00000
  -0.11278   0.00000   0.19459   0.00000   0.00000
   0.00000   0.10412   0.00000   0.28225  -0.00000
  -0.00000  -0.00000   0.00000  -0.00000   0.17481
   occupation matrix (subspace #          51 , spin            1 )
   0.29439  -0.00000   0.11428  -0.00000   0.00000
  -0.00000   0.28475  -0.00000  -0.10665   0.00000
   0.11428  -0.00000   0.20232   0.00000   0.00000
  -0.00000  -0.10665   0.00000   0.28476  -0.00000
   0.00000   0.00000   0.00000  -0.00000   0.17074
   occupation matrix (subspace #          52 , spin            1 )
   0.29527   0.00010  -0.11401  -0.00010  -0.00000
   0.00010   0.28432   0.00110   0.10739  -0.00176
  -0.11401   0.00110   0.20149  -0.00110   0.00000
  -0.00010   0.10739  -0.00110   0.28432  -0.00176
  -0.00000  -0.00176   0.00000  -0.00176   0.18135
   occupation matrix (subspace #          53 , spin            1 )
   0.29445  -0.00074   0.11320   0.00074   0.00000
  -0.00074   0.28368   0.00055  -0.10532   0.00020
   0.11320   0.00055   0.19815  -0.00055   0.00000
   0.00074  -0.10532  -0.00055   0.28369   0.00020
   0.00000   0.00020   0.00000   0.00020   0.17064
   occupation matrix (subspace #          54 , spin            1 )
   0.29527  -0.00010  -0.11401   0.00010  -0.00000
  -0.00010   0.28432  -0.00110   0.10739   0.00176
  -0.11401  -0.00110   0.20149   0.00110   0.00000
   0.00010   0.10739   0.00110   0.28432   0.00176
  -0.00000   0.00176   0.00000   0.00176   0.18135
