   occupation matrix (subspace #           1 , spin            1 )
   0.98420   0.00000  -0.00000   0.57180   0.00000
   0.00000   0.61025   0.06205   0.00000  -0.54441
  -0.00000   0.06205   1.45357   0.00000   0.04351
   0.57180   0.00000   0.00000   0.68486  -0.00000
   0.00000  -0.54441   0.04351  -0.00000   1.05800
   occupation matrix (subspace #           2 , spin            1 )
   0.98420  -0.00000   0.00000   0.57180  -0.00000
  -0.00000   0.61025   0.06205  -0.00000  -0.54441
   0.00000   0.06205   1.45357  -0.00000   0.04351
   0.57180  -0.00000  -0.00000   0.68486   0.00000
  -0.00000  -0.54441   0.04351   0.00000   1.05800
   occupation matrix (subspace #           3 , spin            1 )
   0.98420  -0.00000   0.00000   0.57180  -0.00000
  -0.00000   0.61025   0.06205  -0.00000  -0.54441
   0.00000   0.06205   1.45357  -0.00000   0.04351
   0.57180  -0.00000  -0.00000   0.68486   0.00000
  -0.00000  -0.54441   0.04351   0.00000   1.05800
   occupation matrix (subspace #           4 , spin            1 )
   1.68455  -0.00243  -0.00000
  -0.00243   1.78553  -0.00000
  -0.00000  -0.00000   1.68805
   occupation matrix (subspace #           5 , spin            1 )
   1.68455  -0.00243   0.00000
  -0.00243   1.78553   0.00000
   0.00000   0.00000   1.68805
   occupation matrix (subspace #           6 , spin            1 )
   1.68455  -0.00243  -0.00000
  -0.00243   1.78553  -0.00000
  -0.00000  -0.00000   1.68805
   occupation matrix (subspace #           7 , spin            1 )
   1.68455  -0.00243   0.00000
  -0.00243   1.78553   0.00000
   0.00000   0.00000   1.68805
   occupation matrix (subspace #           8 , spin            1 )
   1.68455  -0.00243  -0.00000
  -0.00243   1.78553  -0.00000
  -0.00000  -0.00000   1.68805
   occupation matrix (subspace #           9 , spin            1 )
   1.68455  -0.00243   0.00000
  -0.00243   1.78553   0.00000
   0.00000   0.00000   1.68805
