   occupation matrix (subspace #           1 , spin            1 )
   2.92451  -0.20392   0.00000   0.00000  -0.00000
  -0.20392   0.03663  -0.00000   0.00000  -0.00000
   0.00000  -0.00000   3.01242  -0.02166  -0.03537
   0.00000   0.00000  -0.02166   0.03109  -0.17905
  -0.00000  -0.00000  -0.03537  -0.17905   3.05280
   occupation matrix (subspace #           2 , spin            1 )
   2.92451   0.20392  -0.00000  -0.00000  -0.00000
   0.20392   0.03663   0.00000   0.00000   0.00000
  -0.00000   0.00000   3.01242   0.02166  -0.03537
  -0.00000   0.00000   0.02166   0.03109   0.17905
  -0.00000   0.00000  -0.03537   0.17905   3.05280
   occupation matrix (subspace #           3 , spin            1 )
   2.92451  -0.20392  -0.00000  -0.00000   0.00000
  -0.20392   0.03663   0.00000   0.00000   0.00000
  -0.00000   0.00000   3.01242  -0.02166  -0.03537
  -0.00000   0.00000  -0.02166   0.03109  -0.17905
   0.00000   0.00000  -0.03537  -0.17905   3.05280
   occupation matrix (subspace #           4 , spin            1 )
   2.92451   0.20392   0.00000  -0.00000  -0.00000
   0.20392   0.03663   0.00000   0.00000   0.00000
   0.00000   0.00000   3.01242   0.02166  -0.03537
  -0.00000   0.00000   0.02166   0.03109   0.17905
  -0.00000   0.00000  -0.03537   0.17905   3.05280
   occupation matrix (subspace #           5 , spin            1 )
   1.68302   0.00000   0.00000
   0.00000   1.32972   0.08664
   0.00000   0.08664   1.71138
   occupation matrix (subspace #           6 , spin            1 )
   1.68302   0.00000   0.00000
   0.00000   1.32972  -0.08664
   0.00000  -0.08664   1.71138
   occupation matrix (subspace #           7 , spin            1 )
   1.68302  -0.00000  -0.00000
  -0.00000   1.32972   0.08664
  -0.00000   0.08664   1.71138
   occupation matrix (subspace #           8 , spin            1 )
   1.68302  -0.00000  -0.00000
  -0.00000   1.32972  -0.08664
  -0.00000  -0.08664   1.71138
   occupation matrix (subspace #           9 , spin            1 )
   1.66756  -0.00000  -0.00000
  -0.00000   1.61282   0.20942
  -0.00000   0.20942   1.43066
   occupation matrix (subspace #          10 , spin            1 )
   1.66756  -0.00000   0.00000
  -0.00000   1.61282  -0.20942
   0.00000  -0.20942   1.43066
   occupation matrix (subspace #          11 , spin            1 )
   1.66756   0.00000  -0.00000
   0.00000   1.61282   0.20942
  -0.00000   0.20942   1.43066
   occupation matrix (subspace #          12 , spin            1 )
   1.66756   0.00000  -0.00000
   0.00000   1.61282  -0.20942
  -0.00000  -0.20942   1.43066
   occupation matrix (subspace #          13 , spin            1 )
   1.45392   0.21852  -0.19512
   0.21852   1.69699   0.08944
  -0.19512   0.08944   1.56806
   occupation matrix (subspace #          14 , spin            1 )
   1.45392   0.21852   0.19512
   0.21852   1.69699  -0.08944
   0.19512  -0.08944   1.56806
   occupation matrix (subspace #          15 , spin            1 )
   1.45392  -0.21852   0.19512
  -0.21852   1.69699   0.08944
   0.19512   0.08944   1.56806
   occupation matrix (subspace #          16 , spin            1 )
   1.45392  -0.21852  -0.19512
  -0.21852   1.69699  -0.08944
  -0.19512  -0.08944   1.56806
   occupation matrix (subspace #          17 , spin            1 )
   1.45392   0.21852  -0.19512
   0.21852   1.69699   0.08944
  -0.19512   0.08944   1.56806
   occupation matrix (subspace #          18 , spin            1 )
   1.45392   0.21852   0.19512
   0.21852   1.69699  -0.08944
   0.19512  -0.08944   1.56806
   occupation matrix (subspace #          19 , spin            1 )
   1.45392  -0.21852   0.19512
  -0.21852   1.69699   0.08944
   0.19512   0.08944   1.56806
   occupation matrix (subspace #          20 , spin            1 )
   1.45392  -0.21852  -0.19512
  -0.21852   1.69699  -0.08944
  -0.19512  -0.08944   1.56806
