   occupation matrix (subspace #           1 , spin            1 )
   0.01115  -0.00187   0.00018  -0.00187  -0.00000
  -0.00187   0.01115   0.00009   0.00187  -0.00015
   0.00018   0.00009   0.01705   0.00009   0.00000
  -0.00187   0.00187   0.00009   0.01115   0.00015
  -0.00000  -0.00015   0.00000   0.00015   0.01705
   occupation matrix (subspace #           2 , spin            1 )
   0.01115  -0.00187  -0.00018   0.00187   0.00000
  -0.00187   0.01115  -0.00009  -0.00187   0.00015
  -0.00018  -0.00009   0.01705   0.00009   0.00000
   0.00187  -0.00187   0.00009   0.01115   0.00015
   0.00000   0.00015   0.00000   0.00015   0.01705
   occupation matrix (subspace #           3 , spin            1 )
   0.01115   0.00187   0.00018   0.00187  -0.00000
   0.00187   0.01115  -0.00009   0.00187   0.00015
   0.00018  -0.00009   0.01705  -0.00009   0.00000
   0.00187   0.00187  -0.00009   0.01115  -0.00015
  -0.00000   0.00015   0.00000  -0.00015   0.01705
   occupation matrix (subspace #           4 , spin            1 )
   0.01115   0.00187  -0.00018  -0.00187   0.00000
   0.00187   0.01115   0.00009  -0.00187  -0.00015
  -0.00018   0.00009   0.01705  -0.00009   0.00000
  -0.00187  -0.00187  -0.00009   0.01115  -0.00015
   0.00000  -0.00015   0.00000  -0.00015   0.01705
   occupation matrix (subspace #           5 , spin            1 )
   0.01115  -0.00187   0.00018  -0.00187  -0.00000
  -0.00187   0.01115   0.00009   0.00187  -0.00015
   0.00018   0.00009   0.01705   0.00009   0.00000
  -0.00187   0.00187   0.00009   0.01115   0.00015
  -0.00000  -0.00015   0.00000   0.00015   0.01705
   occupation matrix (subspace #           6 , spin            1 )
   0.01115  -0.00187  -0.00018   0.00187   0.00000
  -0.00187   0.01115  -0.00009  -0.00187   0.00015
  -0.00018  -0.00009   0.01705   0.00009   0.00000
   0.00187  -0.00187   0.00009   0.01115   0.00015
   0.00000   0.00015   0.00000   0.00015   0.01705
   occupation matrix (subspace #           7 , spin            1 )
   0.01115   0.00187   0.00018   0.00187  -0.00000
   0.00187   0.01115  -0.00009   0.00187   0.00015
   0.00018  -0.00009   0.01705  -0.00009   0.00000
   0.00187   0.00187  -0.00009   0.01115  -0.00015
  -0.00000   0.00015   0.00000  -0.00015   0.01705
   occupation matrix (subspace #           8 , spin            1 )
   0.01115   0.00187  -0.00018  -0.00187   0.00000
   0.00187   0.01115   0.00009  -0.00187  -0.00015
  -0.00018   0.00009   0.01705  -0.00009   0.00000
  -0.00187  -0.00187  -0.00009   0.01115  -0.00015
   0.00000  -0.00015   0.00000  -0.00015   0.01705
   occupation matrix (subspace #           9 , spin            1 )
   0.01564   0.00445   0.00000  -0.00000   0.00000
   0.00445   0.01424  -0.00000   0.00000   0.00000
   0.00000  -0.00000   0.01649   0.00030  -0.00047
  -0.00000   0.00000   0.00030   0.01290   0.00076
   0.00000   0.00000  -0.00047   0.00076   0.01632
   occupation matrix (subspace #          10 , spin            1 )
   0.01564   0.00445   0.00000   0.00000  -0.00000
   0.00445   0.01424   0.00000  -0.00000  -0.00000
   0.00000   0.00000   0.01649   0.00030  -0.00047
   0.00000  -0.00000   0.00030   0.01290   0.00076
  -0.00000  -0.00000  -0.00047   0.00076   0.01632
   occupation matrix (subspace #          11 , spin            1 )
   0.01564  -0.00445   0.00000   0.00000   0.00000
  -0.00445   0.01424   0.00000  -0.00000  -0.00000
   0.00000   0.00000   0.01649  -0.00030  -0.00047
   0.00000  -0.00000  -0.00030   0.01290  -0.00076
   0.00000  -0.00000  -0.00047  -0.00076   0.01632
   occupation matrix (subspace #          12 , spin            1 )
   0.01290   0.00000   0.00081  -0.00000   0.00012
   0.00000   0.01564   0.00000  -0.00445  -0.00000
   0.00081   0.00000   0.01595   0.00000   0.00016
  -0.00000  -0.00445   0.00000   0.01424   0.00000
   0.00012  -0.00000   0.00016   0.00000   0.01686
   occupation matrix (subspace #          13 , spin            1 )
   0.01290  -0.00000   0.00081  -0.00000   0.00012
  -0.00000   0.01564  -0.00000  -0.00445   0.00000
   0.00081  -0.00000   0.01595  -0.00000   0.00016
  -0.00000  -0.00445  -0.00000   0.01424  -0.00000
   0.00012   0.00000   0.00016  -0.00000   0.01686
   occupation matrix (subspace #          14 , spin            1 )
   0.01290  -0.00000  -0.00081   0.00000  -0.00012
  -0.00000   0.01564  -0.00000   0.00445   0.00000
  -0.00081  -0.00000   0.01595   0.00000   0.00016
   0.00000   0.00445   0.00000   0.01424  -0.00000
  -0.00012   0.00000   0.00016  -0.00000   0.01686
   occupation matrix (subspace #          15 , spin            1 )
   0.01424   0.00000  -0.00000  -0.00445   0.00000
   0.00000   0.01290  -0.00051  -0.00000   0.00064
  -0.00000  -0.00051   0.01677  -0.00000   0.00031
  -0.00445  -0.00000  -0.00000   0.01564   0.00000
   0.00000   0.00064   0.00031   0.00000   0.01604
   occupation matrix (subspace #          16 , spin            1 )
   0.01424   0.00000  -0.00000  -0.00445   0.00000
   0.00000   0.01290  -0.00051   0.00000   0.00064
  -0.00000  -0.00051   0.01677   0.00000   0.00031
  -0.00445   0.00000   0.00000   0.01564   0.00000
   0.00000   0.00064   0.00031   0.00000   0.01604
   occupation matrix (subspace #          17 , spin            1 )
   0.01424  -0.00000  -0.00000   0.00445  -0.00000
  -0.00000   0.01290   0.00051  -0.00000  -0.00064
  -0.00000   0.00051   0.01677  -0.00000   0.00031
   0.00445  -0.00000  -0.00000   0.01564   0.00000
  -0.00000  -0.00064   0.00031   0.00000   0.01604
   occupation matrix (subspace #          18 , spin            1 )
   0.01564   0.00445  -0.00000  -0.00000   0.00000
   0.00445   0.01424  -0.00000   0.00000   0.00000
  -0.00000  -0.00000   0.01649   0.00030  -0.00047
  -0.00000   0.00000   0.00030   0.01290   0.00076
   0.00000   0.00000  -0.00047   0.00076   0.01632
   occupation matrix (subspace #          19 , spin            1 )
   0.01564   0.00445  -0.00000  -0.00000  -0.00000
   0.00445   0.01424   0.00000  -0.00000  -0.00000
  -0.00000   0.00000   0.01649   0.00030  -0.00047
  -0.00000  -0.00000   0.00030   0.01290   0.00076
  -0.00000  -0.00000  -0.00047   0.00076   0.01632
   occupation matrix (subspace #          20 , spin            1 )
   0.01564  -0.00445   0.00000   0.00000   0.00000
  -0.00445   0.01424   0.00000  -0.00000  -0.00000
   0.00000   0.00000   0.01649  -0.00030  -0.00047
   0.00000  -0.00000  -0.00030   0.01290  -0.00076
   0.00000  -0.00000  -0.00047  -0.00076   0.01632
   occupation matrix (subspace #          21 , spin            1 )
   0.01290  -0.00000   0.00081   0.00000   0.00012
  -0.00000   0.01564  -0.00000  -0.00445   0.00000
   0.00081  -0.00000   0.01595   0.00000   0.00016
   0.00000  -0.00445   0.00000   0.01424   0.00000
   0.00012   0.00000   0.00016   0.00000   0.01686
   occupation matrix (subspace #          22 , spin            1 )
   0.01290  -0.00000   0.00081  -0.00000   0.00012
  -0.00000   0.01564   0.00000  -0.00445   0.00000
   0.00081   0.00000   0.01595  -0.00000   0.00016
  -0.00000  -0.00445  -0.00000   0.01424  -0.00000
   0.00012   0.00000   0.00016  -0.00000   0.01686
   occupation matrix (subspace #          23 , spin            1 )
   0.01290  -0.00000  -0.00081  -0.00000  -0.00012
  -0.00000   0.01564  -0.00000   0.00445  -0.00000
  -0.00081  -0.00000   0.01595  -0.00000   0.00016
  -0.00000   0.00445  -0.00000   0.01424  -0.00000
  -0.00012  -0.00000   0.00016  -0.00000   0.01686
   occupation matrix (subspace #          24 , spin            1 )
   0.01424  -0.00000  -0.00000  -0.00445  -0.00000
  -0.00000   0.01290  -0.00051  -0.00000   0.00064
  -0.00000  -0.00051   0.01677  -0.00000   0.00031
  -0.00445  -0.00000  -0.00000   0.01564  -0.00000
  -0.00000   0.00064   0.00031  -0.00000   0.01604
   occupation matrix (subspace #          25 , spin            1 )
   0.01424   0.00000  -0.00000  -0.00445  -0.00000
   0.00000   0.01290  -0.00051  -0.00000   0.00064
  -0.00000  -0.00051   0.01677   0.00000   0.00031
  -0.00445  -0.00000   0.00000   0.01564  -0.00000
  -0.00000   0.00064   0.00031  -0.00000   0.01604
   occupation matrix (subspace #          26 , spin            1 )
   0.01424   0.00000  -0.00000   0.00445  -0.00000
   0.00000   0.01290   0.00051  -0.00000  -0.00064
  -0.00000   0.00051   0.01677  -0.00000   0.00031
   0.00445  -0.00000  -0.00000   0.01564  -0.00000
  -0.00000  -0.00064   0.00031  -0.00000   0.01604
   occupation matrix (subspace #          27 , spin            1 )
   0.01564  -0.00445  -0.00000   0.00000  -0.00000
  -0.00445   0.01424  -0.00000  -0.00000   0.00000
  -0.00000  -0.00000   0.01649  -0.00030  -0.00047
   0.00000  -0.00000  -0.00030   0.01290  -0.00076
  -0.00000   0.00000  -0.00047  -0.00076   0.01632
   occupation matrix (subspace #          28 , spin            1 )
   0.01290   0.00000  -0.00081   0.00000  -0.00012
   0.00000   0.01564   0.00000   0.00445  -0.00000
  -0.00081   0.00000   0.01595  -0.00000   0.00016
   0.00000   0.00445  -0.00000   0.01424  -0.00000
  -0.00012  -0.00000   0.00016  -0.00000   0.01686
   occupation matrix (subspace #          29 , spin            1 )
   0.01424  -0.00000  -0.00000   0.00445  -0.00000
  -0.00000   0.01290   0.00051  -0.00000  -0.00064
  -0.00000   0.00051   0.01677   0.00000   0.00031
   0.00445  -0.00000   0.00000   0.01564   0.00000
  -0.00000  -0.00064   0.00031   0.00000   0.01604
   occupation matrix (subspace #          30 , spin            1 )
   0.01564  -0.00445  -0.00000  -0.00000  -0.00000
  -0.00445   0.01424  -0.00000   0.00000   0.00000
  -0.00000  -0.00000   0.01649  -0.00030  -0.00047
  -0.00000   0.00000  -0.00030   0.01290  -0.00076
  -0.00000   0.00000  -0.00047  -0.00076   0.01632
   occupation matrix (subspace #          31 , spin            1 )
   0.01290   0.00000  -0.00081   0.00000  -0.00012
   0.00000   0.01564  -0.00000   0.00445   0.00000
  -0.00081  -0.00000   0.01595   0.00000   0.00016
   0.00000   0.00445   0.00000   0.01424   0.00000
  -0.00012   0.00000   0.00016   0.00000   0.01686
   occupation matrix (subspace #          32 , spin            1 )
   0.01424  -0.00000  -0.00000   0.00445   0.00000
  -0.00000   0.01290   0.00051  -0.00000  -0.00064
  -0.00000   0.00051   0.01677   0.00000   0.00031
   0.00445  -0.00000   0.00000   0.01564  -0.00000
   0.00000  -0.00064   0.00031  -0.00000   0.01604
   occupation matrix (subspace #          33 , spin            1 )
   1.85871   0.01104   0.01961
   0.01104   1.86578   0.02173
   0.01961   0.02173   1.90483
   occupation matrix (subspace #          34 , spin            1 )
   1.85871  -0.01104  -0.01961
  -0.01104   1.86578   0.02173
  -0.01961   0.02173   1.90483
   occupation matrix (subspace #          35 , spin            1 )
   1.85871  -0.01104   0.01961
  -0.01104   1.86578  -0.02173
   0.01961  -0.02173   1.90483
   occupation matrix (subspace #          36 , spin            1 )
   1.85871   0.01104  -0.01961
   0.01104   1.86578  -0.02173
  -0.01961  -0.02173   1.90483
   occupation matrix (subspace #          37 , spin            1 )
   1.90483  -0.01961   0.02173
  -0.01961   1.85871  -0.01104
   0.02173  -0.01104   1.86577
   occupation matrix (subspace #          38 , spin            1 )
   1.90483   0.01961   0.02173
   0.01961   1.85871   0.01104
   0.02173   0.01104   1.86577
   occupation matrix (subspace #          39 , spin            1 )
   1.90483  -0.01961  -0.02173
  -0.01961   1.85871   0.01104
  -0.02173   0.01104   1.86577
   occupation matrix (subspace #          40 , spin            1 )
   1.90483   0.01961  -0.02173
   0.01961   1.85871  -0.01104
  -0.02173  -0.01104   1.86577
   occupation matrix (subspace #          41 , spin            1 )
   1.86577  -0.02173  -0.01104
  -0.02173   1.90483   0.01960
  -0.01104   0.01960   1.85870
   occupation matrix (subspace #          42 , spin            1 )
   1.86577  -0.02173   0.01104
  -0.02173   1.90483  -0.01960
   0.01104  -0.01960   1.85870
   occupation matrix (subspace #          43 , spin            1 )
   1.86577   0.02173   0.01104
   0.02173   1.90483   0.01960
   0.01104   0.01960   1.85870
   occupation matrix (subspace #          44 , spin            1 )
   1.86577   0.02173  -0.01104
   0.02173   1.90483  -0.01960
  -0.01104  -0.01960   1.85870
   occupation matrix (subspace #          45 , spin            1 )
   1.85871   0.01104   0.01961
   0.01104   1.86578   0.02173
   0.01961   0.02173   1.90483
   occupation matrix (subspace #          46 , spin            1 )
   1.85871  -0.01104  -0.01961
  -0.01104   1.86578   0.02173
  -0.01961   0.02173   1.90483
   occupation matrix (subspace #          47 , spin            1 )
   1.85871  -0.01104   0.01961
  -0.01104   1.86578  -0.02173
   0.01961  -0.02173   1.90483
   occupation matrix (subspace #          48 , spin            1 )
   1.85871   0.01104  -0.01961
   0.01104   1.86578  -0.02173
  -0.01961  -0.02173   1.90483
   occupation matrix (subspace #          49 , spin            1 )
   1.90483  -0.01961   0.02173
  -0.01961   1.85871  -0.01104
   0.02173  -0.01104   1.86577
   occupation matrix (subspace #          50 , spin            1 )
   1.90483   0.01961   0.02173
   0.01961   1.85871   0.01104
   0.02173   0.01104   1.86577
   occupation matrix (subspace #          51 , spin            1 )
   1.90483  -0.01961  -0.02173
  -0.01961   1.85871   0.01104
  -0.02173   0.01104   1.86577
   occupation matrix (subspace #          52 , spin            1 )
   1.90483   0.01961  -0.02173
   0.01961   1.85871  -0.01104
  -0.02173  -0.01104   1.86577
   occupation matrix (subspace #          53 , spin            1 )
   1.86577  -0.02173  -0.01104
  -0.02173   1.90483   0.01960
  -0.01104   0.01960   1.85870
   occupation matrix (subspace #          54 , spin            1 )
   1.86577  -0.02173   0.01104
  -0.02173   1.90483  -0.01960
   0.01104  -0.01960   1.85870
   occupation matrix (subspace #          55 , spin            1 )
   1.86577   0.02173   0.01104
   0.02173   1.90483   0.01960
   0.01104   0.01960   1.85870
   occupation matrix (subspace #          56 , spin            1 )
   1.86577   0.02173  -0.01104
   0.02173   1.90483  -0.01960
  -0.01104  -0.01960   1.85870
   occupation matrix (subspace #          57 , spin            1 )
   1.85871   0.01104   0.01961
   0.01104   1.86578   0.02173
   0.01961   0.02173   1.90483
   occupation matrix (subspace #          58 , spin            1 )
   1.85871  -0.01104  -0.01961
  -0.01104   1.86578   0.02173
  -0.01961   0.02173   1.90483
   occupation matrix (subspace #          59 , spin            1 )
   1.85871  -0.01104   0.01961
  -0.01104   1.86578  -0.02173
   0.01961  -0.02173   1.90483
   occupation matrix (subspace #          60 , spin            1 )
   1.85871   0.01104  -0.01961
   0.01104   1.86578  -0.02173
  -0.01961  -0.02173   1.90483
   occupation matrix (subspace #          61 , spin            1 )
   1.90483  -0.01961   0.02173
  -0.01961   1.85871  -0.01104
   0.02173  -0.01104   1.86577
   occupation matrix (subspace #          62 , spin            1 )
   1.90483   0.01961   0.02173
   0.01961   1.85871   0.01104
   0.02173   0.01104   1.86577
   occupation matrix (subspace #          63 , spin            1 )
   1.90483  -0.01961  -0.02173
  -0.01961   1.85871   0.01104
  -0.02173   0.01104   1.86577
   occupation matrix (subspace #          64 , spin            1 )
   1.90483   0.01961  -0.02173
   0.01961   1.85871  -0.01104
  -0.02173  -0.01104   1.86577
   occupation matrix (subspace #          65 , spin            1 )
   1.86577  -0.02173  -0.01104
  -0.02173   1.90483   0.01960
  -0.01104   0.01960   1.85870
   occupation matrix (subspace #          66 , spin            1 )
   1.86577  -0.02173   0.01104
  -0.02173   1.90483  -0.01960
   0.01104  -0.01960   1.85870
   occupation matrix (subspace #          67 , spin            1 )
   1.86577   0.02173   0.01104
   0.02173   1.90483   0.01960
   0.01104   0.01960   1.85870
   occupation matrix (subspace #          68 , spin            1 )
   1.86577   0.02173  -0.01104
   0.02173   1.90483  -0.01960
  -0.01104  -0.01960   1.85870
   occupation matrix (subspace #          69 , spin            1 )
   1.85871   0.01104   0.01961
   0.01104   1.86578   0.02173
   0.01961   0.02173   1.90483
   occupation matrix (subspace #          70 , spin            1 )
   1.85871  -0.01104  -0.01961
  -0.01104   1.86578   0.02173
  -0.01961   0.02173   1.90483
   occupation matrix (subspace #          71 , spin            1 )
   1.85871  -0.01104   0.01961
  -0.01104   1.86578  -0.02173
   0.01961  -0.02173   1.90483
   occupation matrix (subspace #          72 , spin            1 )
   1.85871   0.01104  -0.01961
   0.01104   1.86578  -0.02173
  -0.01961  -0.02173   1.90483
   occupation matrix (subspace #          73 , spin            1 )
   1.90483  -0.01961   0.02173
  -0.01961   1.85871  -0.01104
   0.02173  -0.01104   1.86577
   occupation matrix (subspace #          74 , spin            1 )
   1.90483   0.01961   0.02173
   0.01961   1.85871   0.01104
   0.02173   0.01104   1.86577
   occupation matrix (subspace #          75 , spin            1 )
   1.90483  -0.01961  -0.02173
  -0.01961   1.85871   0.01104
  -0.02173   0.01104   1.86577
   occupation matrix (subspace #          76 , spin            1 )
   1.90483   0.01961  -0.02173
   0.01961   1.85871  -0.01104
  -0.02173  -0.01104   1.86577
   occupation matrix (subspace #          77 , spin            1 )
   1.86577  -0.02173  -0.01104
  -0.02173   1.90483   0.01960
  -0.01104   0.01960   1.85870
   occupation matrix (subspace #          78 , spin            1 )
   1.86577  -0.02173   0.01104
  -0.02173   1.90483  -0.01960
   0.01104  -0.01960   1.85870
   occupation matrix (subspace #          79 , spin            1 )
   1.86577   0.02173   0.01104
   0.02173   1.90483   0.01960
   0.01104   0.01960   1.85870
   occupation matrix (subspace #          80 , spin            1 )
   1.86577   0.02173  -0.01104
   0.02173   1.90483  -0.01960
  -0.01104  -0.01960   1.85870
