   occupation matrix (subspace #           1 , spin            1 )
   1.02776   0.00000  -0.00000   0.60574   0.00000
   0.00000   0.62600   0.06527   0.00000  -0.57710
  -0.00000   0.06527   1.52519   0.00000   0.04549
   0.60574   0.00000   0.00000   0.70235  -0.00000
   0.00000  -0.57710   0.04549  -0.00000   1.10459
   occupation matrix (subspace #           2 , spin            1 )
   1.02776  -0.00000   0.00000   0.60574  -0.00000
  -0.00000   0.62600   0.06527  -0.00000  -0.57710
   0.00000   0.06527   1.52519  -0.00000   0.04549
   0.60574  -0.00000  -0.00000   0.70235   0.00000
  -0.00000  -0.57710   0.04549   0.00000   1.10459
   occupation matrix (subspace #           3 , spin            1 )
   1.02776  -0.00000   0.00000   0.60574  -0.00000
  -0.00000   0.62600   0.06527  -0.00000  -0.57710
   0.00000   0.06527   1.52519  -0.00000   0.04549
   0.60574  -0.00000  -0.00000   0.70235   0.00000
  -0.00000  -0.57710   0.04549   0.00000   1.10459
   occupation matrix (subspace #           4 , spin            1 )
   1.69671  -0.00224  -0.00000
  -0.00224   1.79653  -0.00000
  -0.00000  -0.00000   1.70018
   occupation matrix (subspace #           5 , spin            1 )
   1.69671  -0.00224   0.00000
  -0.00224   1.79653   0.00000
   0.00000   0.00000   1.70018
   occupation matrix (subspace #           6 , spin            1 )
   1.69671  -0.00224  -0.00000
  -0.00224   1.79653  -0.00000
  -0.00000  -0.00000   1.70018
   occupation matrix (subspace #           7 , spin            1 )
   1.69671  -0.00224   0.00000
  -0.00224   1.79653   0.00000
   0.00000   0.00000   1.70018
   occupation matrix (subspace #           8 , spin            1 )
   1.69671  -0.00224  -0.00000
  -0.00224   1.79653  -0.00000
  -0.00000  -0.00000   1.70018
   occupation matrix (subspace #           9 , spin            1 )
   1.69671  -0.00224   0.00000
  -0.00224   1.79653   0.00000
   0.00000   0.00000   1.70018
