   occupation matrix (subspace #           1 , spin            1 )
   2.17951  -0.87644  -0.00000   0.00000  -0.00000
  -0.87644   0.39767  -0.00000   0.00000  -0.00000
  -0.00000  -0.00000   2.82416   0.00155  -0.00410
   0.00000   0.00000   0.00155   0.53310  -0.97904
  -0.00000  -0.00000  -0.00410  -0.97904   1.97399
   occupation matrix (subspace #           2 , spin            1 )
   2.17951   0.87644  -0.00000  -0.00000  -0.00000
   0.87644   0.39767   0.00000   0.00000   0.00000
  -0.00000   0.00000   2.82416  -0.00155  -0.00410
  -0.00000   0.00000  -0.00155   0.53310   0.97904
  -0.00000   0.00000  -0.00410   0.97904   1.97399
   occupation matrix (subspace #           3 , spin            1 )
   2.17951  -0.87644  -0.00000   0.00000  -0.00000
  -0.87644   0.39767  -0.00000   0.00000  -0.00000
  -0.00000  -0.00000   2.82416   0.00155  -0.00410
   0.00000   0.00000   0.00155   0.53310  -0.97904
  -0.00000  -0.00000  -0.00410  -0.97904   1.97399
   occupation matrix (subspace #           4 , spin            1 )
   2.17951   0.87644  -0.00000  -0.00000  -0.00000
   0.87644   0.39767   0.00000   0.00000   0.00000
  -0.00000   0.00000   2.82416  -0.00155  -0.00410
  -0.00000   0.00000  -0.00155   0.53310   0.97904
  -0.00000   0.00000  -0.00410   0.97904   1.97399
   occupation matrix (subspace #           5 , spin            1 )
   1.65307  -0.00000   0.00000
  -0.00000   1.19213   0.02293
   0.00000   0.02293   1.65839
   occupation matrix (subspace #           6 , spin            1 )
   1.65307   0.00000   0.00000
   0.00000   1.19213  -0.02293
   0.00000  -0.02293   1.65839
   occupation matrix (subspace #           7 , spin            1 )
   1.65307   0.00000  -0.00000
   0.00000   1.19213   0.02293
  -0.00000   0.02293   1.65839
   occupation matrix (subspace #           8 , spin            1 )
   1.65307  -0.00000  -0.00000
  -0.00000   1.19213  -0.02293
  -0.00000  -0.02293   1.65839
   occupation matrix (subspace #           9 , spin            1 )
   1.64134  -0.00000   0.00000
  -0.00000   1.59207   0.19811
   0.00000   0.19811   1.22783
   occupation matrix (subspace #          10 , spin            1 )
   1.64134  -0.00000  -0.00000
  -0.00000   1.59207  -0.19811
  -0.00000  -0.19811   1.22783
   occupation matrix (subspace #          11 , spin            1 )
   1.64134  -0.00000   0.00000
  -0.00000   1.59207   0.19811
   0.00000   0.19811   1.22783
   occupation matrix (subspace #          12 , spin            1 )
   1.64134   0.00000  -0.00000
   0.00000   1.59207  -0.19811
  -0.00000  -0.19811   1.22783
   occupation matrix (subspace #          13 , spin            1 )
   1.38029   0.19055  -0.18569
   0.19055   1.62581   0.10065
  -0.18569   0.10065   1.56343
   occupation matrix (subspace #          14 , spin            1 )
   1.38029   0.19055   0.18569
   0.19055   1.62581  -0.10065
   0.18569  -0.10065   1.56343
   occupation matrix (subspace #          15 , spin            1 )
   1.38029  -0.19055   0.18569
  -0.19055   1.62581   0.10065
   0.18569   0.10065   1.56343
   occupation matrix (subspace #          16 , spin            1 )
   1.38029  -0.19055  -0.18569
  -0.19055   1.62581  -0.10065
  -0.18569  -0.10065   1.56343
   occupation matrix (subspace #          17 , spin            1 )
   1.38029   0.19055  -0.18569
   0.19055   1.62581   0.10065
  -0.18569   0.10065   1.56343
   occupation matrix (subspace #          18 , spin            1 )
   1.38029   0.19055   0.18569
   0.19055   1.62581  -0.10065
   0.18569  -0.10065   1.56343
   occupation matrix (subspace #          19 , spin            1 )
   1.38029  -0.19055   0.18569
  -0.19055   1.62581   0.10065
   0.18569   0.10065   1.56343
   occupation matrix (subspace #          20 , spin            1 )
   1.38029  -0.19055  -0.18569
  -0.19055   1.62581  -0.10065
  -0.18569  -0.10065   1.56343
