   occupation matrix (subspace #           1 , spin            1 )
   0.02590   0.00018  -0.00075   0.00098   0.00355
   0.00018   0.02635   0.00630   0.00784  -0.00190
  -0.00075   0.00630   0.03146   0.00551  -0.00161
   0.00098   0.00784   0.00551   0.02986  -0.00482
   0.00355  -0.00190  -0.00161  -0.00482   0.03370
   occupation matrix (subspace #           2 , spin            1 )
   0.02588   0.00020  -0.00073   0.00111   0.00355
   0.00020   0.02628   0.00636   0.00777  -0.00194
  -0.00073   0.00636   0.03148   0.00545  -0.00163
   0.00111   0.00777   0.00545   0.02973  -0.00476
   0.00355  -0.00194  -0.00163  -0.00476   0.03370
   occupation matrix (subspace #           3 , spin            1 )
   0.02583   0.00025   0.00073  -0.00110  -0.00350
   0.00025   0.02623  -0.00635  -0.00777   0.00189
   0.00073  -0.00635   0.03149   0.00553  -0.00169
  -0.00110  -0.00777   0.00553   0.02965  -0.00472
  -0.00350   0.00189  -0.00169  -0.00472   0.03370
   occupation matrix (subspace #           4 , spin            1 )
   0.02586   0.00023   0.00074  -0.00098  -0.00348
   0.00023   0.02630  -0.00630  -0.00786   0.00185
   0.00074  -0.00630   0.03148   0.00558  -0.00165
  -0.00098  -0.00786   0.00558   0.02979  -0.00478
  -0.00348   0.00185  -0.00165  -0.00478   0.03367
   occupation matrix (subspace #           5 , spin            1 )
   1.74223   0.59966  -0.17492
   0.59966   1.57053   0.20490
  -0.17492   0.20490   2.17739
   occupation matrix (subspace #           6 , spin            1 )
   1.59347   0.62118  -0.05449
   0.62118   1.48332   0.05533
  -0.05449   0.05533   2.15020
   occupation matrix (subspace #           7 , spin            1 )
   1.58981  -0.62036   0.05843
  -0.62036   1.48693   0.05946
   0.05843   0.05946   2.14958
   occupation matrix (subspace #           8 , spin            1 )
   1.73825  -0.59884   0.17913
  -0.59884   1.57723   0.20754
   0.17913   0.20754   2.17442
   occupation matrix (subspace #           9 , spin            1 )
   1.74496   0.59935  -0.17584
   0.59935   1.56814   0.20553
  -0.17584   0.20553   2.17635
   occupation matrix (subspace #          10 , spin            1 )
   1.59183   0.62170  -0.05310
   0.62170   1.48552   0.05270
  -0.05310   0.05270   2.15150
   occupation matrix (subspace #          11 , spin            1 )
   1.58580  -0.62114   0.05681
  -0.62114   1.49081   0.05661
   0.05681   0.05661   2.15103
   occupation matrix (subspace #          12 , spin            1 )
   1.74304  -0.59841   0.18000
  -0.59841   1.57288   0.20853
   0.18000   0.20853   2.17327
   occupation matrix (subspace #          13 , spin            1 )
   2.04005   0.02697   0.03592
   0.02697   2.06216   0.01251
   0.03592   0.01251   2.05786
   occupation matrix (subspace #          14 , spin            1 )
   2.04017  -0.02719  -0.03627
  -0.02719   2.06223   0.01198
  -0.03627   0.01198   2.05777
   occupation matrix (subspace #          15 , spin            1 )
   2.03978   0.02703   0.03491
   0.02703   2.06181   0.01304
   0.03491   0.01304   2.05786
   occupation matrix (subspace #          16 , spin            1 )
   2.03971  -0.02725  -0.03538
  -0.02725   2.06173   0.01255
  -0.03538   0.01255   2.05752
