   occupation matrix (subspace #           1 , spin            1 )
   0.17779  -0.00003  -0.00005  -0.00008  -0.00010
  -0.00003   0.16154  -0.00010   0.00001  -0.00018
  -0.00005  -0.00010   0.38042  -0.00032  -0.00005
  -0.00008   0.00001  -0.00032   0.16189  -0.00003
  -0.00010  -0.00018  -0.00005  -0.00003   0.36604
   occupation matrix (subspace #           2 , spin            1 )
   0.17783   0.00001  -0.00001  -0.00001   0.00002
   0.00001   0.16178   0.00003   0.00000  -0.00001
  -0.00001   0.00003   0.38036   0.00006  -0.00002
  -0.00001   0.00000   0.00006   0.16172  -0.00013
   0.00002  -0.00001  -0.00002  -0.00013   0.36610
   occupation matrix (subspace #           3 , spin            1 )
   0.17780   0.00001   0.00000  -0.00000  -0.00000
   0.00001   0.16176  -0.00000  -0.00000  -0.00000
   0.00000  -0.00000   0.38038  -0.00000   0.00001
  -0.00000  -0.00000  -0.00000   0.16172  -0.00000
  -0.00000  -0.00000   0.00001  -0.00000   0.36610
   occupation matrix (subspace #           4 , spin            1 )
   0.17781   0.00000   0.00000  -0.00000   0.00000
   0.00000   0.16175  -0.00000   0.00000  -0.00000
   0.00000  -0.00000   0.38035  -0.00002  -0.00000
  -0.00000   0.00000  -0.00002   0.16172  -0.00000
   0.00000  -0.00000  -0.00000  -0.00000   0.36611
   occupation matrix (subspace #           5 , spin            1 )
   0.17753   0.00041   0.00034  -0.00034   0.00023
   0.00041   0.16384   0.00142   0.00016  -0.00033
   0.00034   0.00142   0.38199   0.00139   0.00109
  -0.00034   0.00016   0.00139   0.16050  -0.00321
   0.00023  -0.00033   0.00109  -0.00321   0.36576
   occupation matrix (subspace #           6 , spin            1 )
   0.18110   0.00122   0.00061   0.00122   0.00000
   0.00122   0.16232   0.00109   0.00021   0.00028
   0.00061   0.00109   0.37632   0.00109   0.00000
   0.00122   0.00021   0.00109   0.16231  -0.00028
   0.00000   0.00028   0.00000  -0.00028   0.36666
   occupation matrix (subspace #           7 , spin            1 )
   0.17771  -0.00020   0.00000  -0.00000  -0.00000
  -0.00020   0.16125  -0.00000   0.00000  -0.00000
   0.00000  -0.00000   0.38048   0.00043   0.00002
  -0.00000   0.00000   0.00043   0.16230  -0.00079
  -0.00000  -0.00000   0.00002  -0.00079   0.36631
   occupation matrix (subspace #           8 , spin            1 )
   0.17793   0.00013   0.00000  -0.00000   0.00000
   0.00013   0.16238  -0.00000  -0.00000  -0.00000
   0.00000  -0.00000   0.38002   0.00114   0.00007
  -0.00000  -0.00000   0.00114   0.16117  -0.00026
   0.00000  -0.00000   0.00007  -0.00026   0.36659
   occupation matrix (subspace #           9 , spin            1 )
   0.17779   0.00002  -0.00000   0.00000  -0.00000
   0.00002   0.16175  -0.00001   0.00000   0.00000
  -0.00000  -0.00001   0.38040   0.00004   0.00001
   0.00000   0.00000   0.00004   0.16173  -0.00006
  -0.00000   0.00000   0.00001  -0.00006   0.36608
   occupation matrix (subspace #          10 , spin            1 )
   0.17783  -0.00001  -0.00001   0.00001  -0.00002
  -0.00001   0.16172   0.00006   0.00000   0.00013
  -0.00001   0.00006   0.38036   0.00003   0.00002
   0.00001   0.00000   0.00003   0.16178   0.00001
  -0.00002   0.00013   0.00002   0.00001   0.36610
   occupation matrix (subspace #          11 , spin            1 )
   0.17740   0.00011   0.00000  -0.00000  -0.00000
   0.00011   0.16106  -0.00000   0.00000  -0.00000
   0.00000  -0.00000   0.38136  -0.00048  -0.00027
  -0.00000   0.00000  -0.00048   0.16233  -0.00035
  -0.00000  -0.00000  -0.00027  -0.00035   0.36550
   occupation matrix (subspace #          12 , spin            1 )
   0.17775  -0.00001   0.00000  -0.00000  -0.00000
  -0.00001   0.16146   0.00000  -0.00000  -0.00000
   0.00000   0.00000   0.38068   0.00002  -0.00011
  -0.00000  -0.00000   0.00002   0.16188   0.00001
  -0.00000  -0.00000  -0.00011   0.00001   0.36613
   occupation matrix (subspace #          13 , spin            1 )
   0.17799   0.00006  -0.00000  -0.00000   0.00000
   0.00006   0.16198  -0.00000  -0.00000  -0.00000
  -0.00000  -0.00000   0.37991   0.00007   0.00002
  -0.00000  -0.00000   0.00007   0.16160  -0.00003
   0.00000  -0.00000   0.00002  -0.00003   0.36626
   occupation matrix (subspace #          14 , spin            1 )
   0.17779   0.00001   0.00000  -0.00000  -0.00000
   0.00001   0.16165  -0.00000   0.00000  -0.00000
   0.00000  -0.00000   0.38050   0.00009   0.00005
  -0.00000   0.00000   0.00009   0.16183  -0.00015
  -0.00000  -0.00000   0.00005  -0.00015   0.36606
   occupation matrix (subspace #          15 , spin            1 )
   0.17779   0.00001  -0.00000   0.00001   0.00000
   0.00001   0.16174   0.00000  -0.00000   0.00001
  -0.00000   0.00000   0.38038   0.00000   0.00000
   0.00001  -0.00000   0.00000   0.16174  -0.00001
   0.00000   0.00001   0.00000  -0.00001   0.36609
   occupation matrix (subspace #          16 , spin            1 )
   0.17780   0.00000  -0.00000   0.00002   0.00000
   0.00000   0.16173   0.00004   0.00000   0.00006
  -0.00000   0.00004   0.38040  -0.00001  -0.00001
   0.00002   0.00000  -0.00001   0.16175  -0.00000
   0.00000   0.00006  -0.00001  -0.00000   0.36608
   occupation matrix (subspace #          17 , spin            1 )
   0.18435   0.00004  -0.00000  -0.00000   0.00000
   0.00004   0.16383  -0.00000  -0.00000  -0.00000
  -0.00000  -0.00000   0.37411   0.00260   0.00342
  -0.00000  -0.00000   0.00260   0.16314  -0.00389
   0.00000  -0.00000   0.00342  -0.00389   0.36467
   occupation matrix (subspace #          18 , spin            1 )
   0.18717   0.00391   0.00000   0.00000  -0.00000
   0.00391   0.15130  -0.00000   0.00000  -0.00000
   0.00000  -0.00000   0.38032  -0.00280  -0.00243
   0.00000   0.00000  -0.00280   0.16885   0.00302
  -0.00000  -0.00000  -0.00243   0.00302   0.36923
   occupation matrix (subspace #          19 , spin            1 )
   0.17766  -0.00033  -0.00015  -0.00002   0.00067
  -0.00033   0.16227  -0.00105  -0.00007   0.00050
  -0.00015  -0.00105   0.38028   0.00091  -0.00017
  -0.00002  -0.00007   0.00091   0.16165  -0.00087
   0.00067   0.00050  -0.00017  -0.00087   0.36617
   occupation matrix (subspace #          20 , spin            1 )
   0.17753  -0.00034   0.00034   0.00041  -0.00023
  -0.00034   0.16050   0.00139   0.00016   0.00321
   0.00034   0.00139   0.38199   0.00142  -0.00109
   0.00041   0.00016   0.00142   0.16383   0.00033
  -0.00023   0.00321  -0.00109   0.00033   0.36576
   occupation matrix (subspace #          21 , spin            1 )
   0.17779   0.00001  -0.00000  -0.00000   0.00000
   0.00001   0.16176  -0.00000  -0.00000  -0.00000
  -0.00000  -0.00000   0.38039   0.00002  -0.00002
  -0.00000  -0.00000   0.00002   0.16172  -0.00003
   0.00000  -0.00000  -0.00002  -0.00003   0.36609
   occupation matrix (subspace #          22 , spin            1 )
   0.17777  -0.00003   0.00000   0.00000  -0.00000
  -0.00003   0.16166  -0.00000   0.00000   0.00000
   0.00000  -0.00000   0.38037  -0.00002   0.00001
   0.00000   0.00000  -0.00002   0.16180   0.00002
  -0.00000   0.00000   0.00001   0.00002   0.36610
   occupation matrix (subspace #          23 , spin            1 )
   0.17766  -0.00002  -0.00015  -0.00033  -0.00066
  -0.00002   0.16165   0.00091  -0.00007   0.00087
  -0.00015   0.00091   0.38028  -0.00105   0.00018
  -0.00033  -0.00007  -0.00105   0.16227  -0.00050
  -0.00066   0.00087   0.00018  -0.00050   0.36617
   occupation matrix (subspace #          24 , spin            1 )
   0.17779  -0.00008  -0.00005  -0.00003   0.00010
  -0.00008   0.16189  -0.00032   0.00001   0.00003
  -0.00005  -0.00032   0.38042  -0.00010   0.00005
  -0.00003   0.00001  -0.00010   0.16154   0.00018
   0.00010   0.00003   0.00005   0.00018   0.36604
   occupation matrix (subspace #          25 , spin            1 )
   0.17779  -0.00003   0.00005   0.00008   0.00010
  -0.00003   0.16154   0.00010  -0.00001   0.00018
   0.00005   0.00010   0.38042  -0.00032  -0.00005
   0.00008  -0.00001  -0.00032   0.16188  -0.00003
   0.00010   0.00018  -0.00005  -0.00003   0.36604
   occupation matrix (subspace #          26 , spin            1 )
   0.17783   0.00001   0.00001   0.00001  -0.00002
   0.00001   0.16178  -0.00003  -0.00000   0.00001
   0.00001  -0.00003   0.38036   0.00006  -0.00002
   0.00001  -0.00000   0.00006   0.16172  -0.00013
  -0.00002   0.00001  -0.00002  -0.00013   0.36610
   occupation matrix (subspace #          27 , spin            1 )
   0.17779   0.00001   0.00000  -0.00001  -0.00000
   0.00001   0.16174  -0.00000   0.00000  -0.00001
   0.00000  -0.00000   0.38038   0.00000  -0.00000
  -0.00001   0.00000   0.00000   0.16173  -0.00001
  -0.00000  -0.00001  -0.00000  -0.00001   0.36609
   occupation matrix (subspace #          28 , spin            1 )
   0.17779   0.00000   0.00000  -0.00002  -0.00000
   0.00000   0.16174  -0.00004  -0.00000  -0.00007
   0.00000  -0.00004   0.38040  -0.00001  -0.00001
  -0.00002  -0.00000  -0.00001   0.16174  -0.00000
  -0.00000  -0.00007  -0.00001  -0.00000   0.36608
   occupation matrix (subspace #          29 , spin            1 )
   0.17753   0.00041  -0.00034   0.00034  -0.00023
   0.00041   0.16384  -0.00142  -0.00016   0.00033
  -0.00034  -0.00142   0.38199   0.00139   0.00109
   0.00034  -0.00016   0.00139   0.16050  -0.00321
  -0.00023   0.00033   0.00109  -0.00321   0.36576
   occupation matrix (subspace #          30 , spin            1 )
   0.18110   0.00122  -0.00061  -0.00122  -0.00000
   0.00122   0.16232  -0.00109  -0.00021  -0.00028
  -0.00061  -0.00109   0.37632   0.00109   0.00000
  -0.00122  -0.00021   0.00109   0.16231  -0.00028
  -0.00000  -0.00028   0.00000  -0.00028   0.36666
   occupation matrix (subspace #          31 , spin            1 )
   0.17766  -0.00033   0.00015   0.00002  -0.00067
  -0.00033   0.16227   0.00105   0.00007  -0.00050
   0.00015   0.00105   0.38028   0.00091  -0.00017
   0.00002   0.00007   0.00091   0.16165  -0.00087
  -0.00067  -0.00050  -0.00017  -0.00087   0.36617
   occupation matrix (subspace #          32 , spin            1 )
   0.17753  -0.00034  -0.00034  -0.00041   0.00023
  -0.00034   0.16050  -0.00139  -0.00016  -0.00321
  -0.00034  -0.00139   0.38199   0.00142  -0.00109
  -0.00041  -0.00016   0.00142   0.16383   0.00033
   0.00023  -0.00321  -0.00109   0.00033   0.36576
   occupation matrix (subspace #          33 , spin            1 )
   0.17780   0.00002   0.00000  -0.00000   0.00000
   0.00002   0.16175   0.00001  -0.00000  -0.00000
   0.00000   0.00001   0.38040   0.00004   0.00001
  -0.00000  -0.00000   0.00004   0.16173  -0.00006
   0.00000  -0.00000   0.00001  -0.00006   0.36608
   occupation matrix (subspace #          34 , spin            1 )
   0.17783  -0.00001   0.00001  -0.00001   0.00002
  -0.00001   0.16172  -0.00006  -0.00000  -0.00013
   0.00001  -0.00006   0.38036   0.00003   0.00002
  -0.00001  -0.00000   0.00003   0.16178   0.00001
   0.00002  -0.00013   0.00002   0.00001   0.36610
   occupation matrix (subspace #          35 , spin            1 )
   0.17766  -0.00002   0.00015   0.00033   0.00066
  -0.00002   0.16165  -0.00091   0.00007  -0.00088
   0.00015  -0.00091   0.38028  -0.00105   0.00018
   0.00033   0.00007  -0.00105   0.16227  -0.00050
   0.00066  -0.00088   0.00018  -0.00050   0.36617
   occupation matrix (subspace #          36 , spin            1 )
   0.17779  -0.00008   0.00005   0.00003  -0.00010
  -0.00008   0.16189   0.00032  -0.00001  -0.00003
   0.00005   0.00032   0.38042  -0.00010   0.00005
   0.00003  -0.00001  -0.00010   0.16154   0.00018
  -0.00010  -0.00003   0.00005   0.00018   0.36604
   occupation matrix (subspace #          37 , spin            1 )
   0.17779   0.00003   0.00005  -0.00008   0.00010
   0.00003   0.16154  -0.00010  -0.00001  -0.00018
   0.00005  -0.00010   0.38042   0.00032  -0.00005
  -0.00008  -0.00001   0.00032   0.16188   0.00003
   0.00010  -0.00018  -0.00005   0.00003   0.36604
   occupation matrix (subspace #          38 , spin            1 )
   0.17777   0.00000   0.00000  -0.00003   0.00000
   0.00000   0.16180  -0.00002   0.00000  -0.00002
   0.00000  -0.00002   0.38037   0.00000  -0.00001
  -0.00003   0.00000   0.00000   0.16165  -0.00000
   0.00000  -0.00002  -0.00001  -0.00000   0.36610
   occupation matrix (subspace #          39 , spin            1 )
   0.17780  -0.00001   0.00000  -0.00000  -0.00000
  -0.00001   0.16176  -0.00000  -0.00000  -0.00000
   0.00000  -0.00000   0.38038   0.00000   0.00001
  -0.00000  -0.00000   0.00000   0.16172   0.00000
  -0.00000  -0.00000   0.00001   0.00000   0.36610
   occupation matrix (subspace #          40 , spin            1 )
   0.17781  -0.00000  -0.00000  -0.00000  -0.00000
  -0.00000   0.16176  -0.00000  -0.00000  -0.00000
  -0.00000  -0.00000   0.38036  -0.00000   0.00002
  -0.00000  -0.00000  -0.00000   0.16170   0.00000
  -0.00000  -0.00000   0.00002   0.00000   0.36611
   occupation matrix (subspace #          41 , spin            1 )
   0.17753  -0.00041  -0.00034  -0.00034  -0.00023
  -0.00041   0.16384   0.00142  -0.00016  -0.00033
  -0.00034   0.00142   0.38199  -0.00139   0.00109
  -0.00034  -0.00016  -0.00139   0.16050   0.00321
  -0.00023  -0.00033   0.00109   0.00321   0.36576
   occupation matrix (subspace #          42 , spin            1 )
   0.18717   0.00000   0.00000   0.00391   0.00000
   0.00000   0.16885  -0.00280  -0.00000  -0.00302
   0.00000  -0.00280   0.38032   0.00000   0.00243
   0.00391  -0.00000   0.00000   0.15130  -0.00000
   0.00000  -0.00302   0.00243  -0.00000   0.36923
   occupation matrix (subspace #          43 , spin            1 )
   0.17771   0.00020   0.00000  -0.00000   0.00000
   0.00020   0.16125  -0.00000   0.00000  -0.00000
   0.00000  -0.00000   0.38047  -0.00043   0.00002
  -0.00000   0.00000  -0.00043   0.16230   0.00079
   0.00000  -0.00000   0.00002   0.00079   0.36631
   occupation matrix (subspace #          44 , spin            1 )
   0.17902  -0.00000  -0.00000  -0.00000  -0.00000
  -0.00000   0.16208  -0.00000  -0.00000  -0.00000
  -0.00000  -0.00000   0.37778  -0.00000  -0.00049
  -0.00000  -0.00000  -0.00000   0.16156   0.00000
  -0.00000  -0.00000  -0.00049   0.00000   0.36553
   occupation matrix (subspace #          45 , spin            1 )
   0.17780  -0.00002   0.00000   0.00000   0.00000
  -0.00002   0.16175  -0.00001  -0.00000   0.00000
   0.00000  -0.00001   0.38040  -0.00004   0.00001
   0.00000  -0.00000  -0.00004   0.16173   0.00007
   0.00000   0.00000   0.00001   0.00007   0.36608
   occupation matrix (subspace #          46 , spin            1 )
   0.17779   0.00000   0.00000   0.00001  -0.00000
   0.00000   0.16183   0.00009   0.00000   0.00015
   0.00000   0.00009   0.38050   0.00000  -0.00004
   0.00001   0.00000   0.00000   0.16165  -0.00000
  -0.00000   0.00015  -0.00004  -0.00000   0.36606
   occupation matrix (subspace #          47 , spin            1 )
   0.17740  -0.00011   0.00000  -0.00000   0.00000
  -0.00011   0.16106  -0.00000   0.00000  -0.00000
   0.00000  -0.00000   0.38136   0.00048  -0.00027
  -0.00000   0.00000   0.00048   0.16233   0.00035
   0.00000  -0.00000  -0.00027   0.00035   0.36550
   occupation matrix (subspace #          48 , spin            1 )
   0.17789  -0.00000  -0.00000  -0.00000  -0.00000
  -0.00000   0.16124   0.00000  -0.00000  -0.00000
  -0.00000   0.00000   0.38046  -0.00000  -0.00010
  -0.00000  -0.00000  -0.00000   0.16213   0.00000
  -0.00000  -0.00000  -0.00010   0.00000   0.36624
   occupation matrix (subspace #          49 , spin            1 )
   0.17799  -0.00006  -0.00000  -0.00000   0.00000
  -0.00006   0.16198  -0.00000  -0.00000  -0.00000
  -0.00000  -0.00000   0.37991  -0.00007   0.00002
  -0.00000  -0.00000  -0.00007   0.16160   0.00003
   0.00000  -0.00000   0.00002   0.00003   0.36626
   occupation matrix (subspace #          50 , spin            1 )
   0.17775   0.00000   0.00000  -0.00000  -0.00000
   0.00000   0.16179  -0.00000   0.00000  -0.00000
   0.00000  -0.00000   0.38042   0.00000   0.00003
  -0.00000   0.00000   0.00000   0.16172  -0.00000
  -0.00000  -0.00000   0.00003  -0.00000   0.36608
   occupation matrix (subspace #          51 , spin            1 )
   0.17779  -0.00001   0.00000   0.00001   0.00000
  -0.00001   0.16174   0.00000   0.00000   0.00001
   0.00000   0.00000   0.38038  -0.00000   0.00000
   0.00001   0.00000  -0.00000   0.16174   0.00001
   0.00000   0.00001   0.00000   0.00001   0.36609
   occupation matrix (subspace #          52 , spin            1 )
   0.17779   0.00000   0.00000   0.00001  -0.00000
   0.00000   0.16172   0.00002   0.00000   0.00003
   0.00000   0.00002   0.38039   0.00000   0.00002
   0.00001   0.00000   0.00000   0.16175  -0.00000
  -0.00000   0.00003   0.00002  -0.00000   0.36609
   occupation matrix (subspace #          53 , spin            1 )
   0.18435  -0.00004  -0.00000  -0.00000   0.00000
  -0.00004   0.16383  -0.00000  -0.00000  -0.00000
  -0.00000  -0.00000   0.37411  -0.00260   0.00342
  -0.00000  -0.00000  -0.00260   0.16314   0.00389
   0.00000  -0.00000   0.00342   0.00389   0.36466
   occupation matrix (subspace #          54 , spin            1 )
   2.00100  -0.00000   0.00000   0.00000   0.00000
  -0.00000   2.02446   0.00000   0.00000  -0.00000
   0.00000   0.00000   0.88588  -0.00000   0.00000
   0.00000   0.00000  -0.00000   2.02446   0.00000
   0.00000  -0.00000   0.00000   0.00000   0.84664
   occupation matrix (subspace #          55 , spin            1 )
   0.17766   0.00033   0.00015  -0.00002  -0.00067
   0.00033   0.16227  -0.00105   0.00007   0.00050
   0.00015  -0.00105   0.38028  -0.00091  -0.00017
  -0.00002   0.00007  -0.00091   0.16165   0.00087
  -0.00067   0.00050  -0.00017   0.00087   0.36617
   occupation matrix (subspace #          56 , spin            1 )
   0.18435  -0.00000   0.00000   0.00004  -0.00000
  -0.00000   0.16314   0.00260   0.00000   0.00389
   0.00000   0.00260   0.37411  -0.00000  -0.00342
   0.00004   0.00000  -0.00000   0.16382   0.00000
  -0.00000   0.00389  -0.00342   0.00000   0.36466
   occupation matrix (subspace #          57 , spin            1 )
   0.17779  -0.00001  -0.00000  -0.00000   0.00000
  -0.00001   0.16176  -0.00000  -0.00000  -0.00000
  -0.00000  -0.00000   0.38039  -0.00002  -0.00002
  -0.00000  -0.00000  -0.00002   0.16172   0.00003
   0.00000  -0.00000  -0.00002   0.00003   0.36609
   occupation matrix (subspace #          58 , spin            1 )
   0.17775  -0.00000   0.00000   0.00000  -0.00000
  -0.00000   0.16172  -0.00000   0.00000   0.00000
   0.00000  -0.00000   0.38042   0.00000  -0.00003
   0.00000   0.00000   0.00000   0.16179  -0.00000
  -0.00000   0.00000  -0.00003  -0.00000   0.36608
   occupation matrix (subspace #          59 , spin            1 )
   0.17766   0.00002   0.00015  -0.00033   0.00066
   0.00002   0.16165   0.00091   0.00007   0.00087
   0.00015   0.00091   0.38028   0.00105   0.00018
  -0.00033   0.00007   0.00105   0.16227   0.00050
   0.00066   0.00087   0.00018   0.00050   0.36617
   occupation matrix (subspace #          60 , spin            1 )
   0.17799  -0.00000   0.00000   0.00006  -0.00000
  -0.00000   0.16160   0.00007   0.00000   0.00003
   0.00000   0.00007   0.37991  -0.00000  -0.00002
   0.00006   0.00000  -0.00000   0.16197   0.00000
  -0.00000   0.00003  -0.00002   0.00000   0.36626
   occupation matrix (subspace #          61 , spin            1 )
   0.17779   0.00003  -0.00005   0.00008  -0.00010
   0.00003   0.16154   0.00010   0.00001   0.00018
  -0.00005   0.00010   0.38042   0.00032  -0.00005
   0.00008   0.00001   0.00032   0.16189   0.00003
  -0.00010   0.00018  -0.00005   0.00003   0.36604
   occupation matrix (subspace #          62 , spin            1 )
   0.17777   0.00000  -0.00000   0.00003  -0.00000
   0.00000   0.16180   0.00002  -0.00000   0.00002
  -0.00000   0.00002   0.38036   0.00000  -0.00001
   0.00003  -0.00000   0.00000   0.16165  -0.00000
  -0.00000   0.00002  -0.00001  -0.00000   0.36610
   occupation matrix (subspace #          63 , spin            1 )
   0.17779  -0.00001  -0.00000  -0.00001   0.00000
  -0.00001   0.16174  -0.00000  -0.00000  -0.00001
  -0.00000  -0.00000   0.38038  -0.00000   0.00000
  -0.00001  -0.00000  -0.00000   0.16174   0.00001
   0.00000  -0.00001   0.00000   0.00001   0.36609
   occupation matrix (subspace #          64 , spin            1 )
   0.17779  -0.00000   0.00000  -0.00001   0.00000
  -0.00000   0.16172  -0.00002   0.00000  -0.00003
   0.00000  -0.00002   0.38039  -0.00000   0.00002
  -0.00001   0.00000  -0.00000   0.16175   0.00000
   0.00000  -0.00003   0.00002   0.00000   0.36609
   occupation matrix (subspace #          65 , spin            1 )
   0.17753  -0.00041   0.00034   0.00034   0.00023
  -0.00041   0.16384  -0.00142   0.00016   0.00033
   0.00034  -0.00142   0.38199  -0.00139   0.00109
   0.00034   0.00016  -0.00139   0.16050   0.00321
   0.00023   0.00033   0.00109   0.00321   0.36576
   occupation matrix (subspace #          66 , spin            1 )
   0.18717   0.00000  -0.00000  -0.00391  -0.00000
   0.00000   0.16885   0.00280  -0.00000   0.00302
  -0.00000   0.00280   0.38032   0.00000   0.00243
  -0.00391  -0.00000   0.00000   0.15130  -0.00000
  -0.00000   0.00302   0.00243  -0.00000   0.36923
   occupation matrix (subspace #          67 , spin            1 )
   0.17766   0.00033  -0.00015   0.00002   0.00067
   0.00033   0.16227   0.00105  -0.00007  -0.00050
  -0.00015   0.00105   0.38028  -0.00091  -0.00017
   0.00002  -0.00007  -0.00091   0.16165   0.00087
   0.00067  -0.00050  -0.00017   0.00087   0.36617
   occupation matrix (subspace #          68 , spin            1 )
   0.18435  -0.00000   0.00000  -0.00004   0.00000
  -0.00000   0.16314  -0.00260  -0.00000  -0.00389
   0.00000  -0.00260   0.37411  -0.00000  -0.00342
  -0.00004  -0.00000  -0.00000   0.16382   0.00000
   0.00000  -0.00389  -0.00342   0.00000   0.36466
   occupation matrix (subspace #          69 , spin            1 )
   0.17780  -0.00002  -0.00000  -0.00000  -0.00000
  -0.00002   0.16175   0.00001   0.00000  -0.00000
  -0.00000   0.00001   0.38040  -0.00004   0.00001
  -0.00000   0.00000  -0.00004   0.16173   0.00007
  -0.00000  -0.00000   0.00001   0.00007   0.36608
   occupation matrix (subspace #          70 , spin            1 )
   0.17779   0.00000  -0.00000  -0.00001   0.00000
   0.00000   0.16183  -0.00009  -0.00000  -0.00015
  -0.00000  -0.00009   0.38050   0.00000  -0.00004
  -0.00001  -0.00000   0.00000   0.16165  -0.00000
   0.00000  -0.00015  -0.00004  -0.00000   0.36606
   occupation matrix (subspace #          71 , spin            1 )
   0.17766   0.00002  -0.00015   0.00033  -0.00066
   0.00002   0.16165  -0.00091  -0.00007  -0.00088
  -0.00015  -0.00091   0.38028   0.00105   0.00018
   0.00033  -0.00007   0.00105   0.16227   0.00050
  -0.00066  -0.00088   0.00018   0.00050   0.36617
   occupation matrix (subspace #          72 , spin            1 )
   0.17799  -0.00000   0.00000  -0.00006   0.00000
  -0.00000   0.16160  -0.00007   0.00000  -0.00003
   0.00000  -0.00007   0.37991  -0.00000  -0.00002
  -0.00006   0.00000  -0.00000   0.16197   0.00000
   0.00000  -0.00003  -0.00002   0.00000   0.36626
   occupation matrix (subspace #          73 , spin            1 )
   0.17775  -0.00000  -0.00000  -0.00001  -0.00000
  -0.00000   0.16188   0.00002   0.00000  -0.00001
  -0.00000   0.00002   0.38068   0.00000   0.00011
  -0.00001   0.00000   0.00000   0.16145  -0.00000
  -0.00000  -0.00001   0.00011  -0.00000   0.36613
   occupation matrix (subspace #          74 , spin            1 )
   0.17783  -0.00001   0.00001  -0.00001  -0.00002
  -0.00001   0.16178   0.00003  -0.00000  -0.00001
   0.00001   0.00003   0.38036  -0.00006  -0.00002
  -0.00001  -0.00000  -0.00006   0.16172   0.00013
  -0.00002  -0.00001  -0.00002   0.00013   0.36610
   occupation matrix (subspace #          75 , spin            1 )
   0.17781  -0.00000   0.00000  -0.00000  -0.00000
  -0.00000   0.16174  -0.00000  -0.00000  -0.00000
   0.00000  -0.00000   0.38037  -0.00000   0.00000
  -0.00000  -0.00000  -0.00000   0.16173   0.00000
  -0.00000  -0.00000   0.00000   0.00000   0.36611
   occupation matrix (subspace #          76 , spin            1 )
   0.17781  -0.00000  -0.00000  -0.00000   0.00000
  -0.00000   0.16175  -0.00000  -0.00000  -0.00000
  -0.00000  -0.00000   0.38035   0.00002  -0.00000
  -0.00000  -0.00000   0.00002   0.16172   0.00000
   0.00000  -0.00000  -0.00000   0.00000   0.36610
   occupation matrix (subspace #          77 , spin            1 )
   0.17793   0.00000  -0.00000   0.00013  -0.00000
   0.00000   0.16117   0.00114   0.00000   0.00026
  -0.00000   0.00114   0.38002   0.00000  -0.00007
   0.00013   0.00000   0.00000   0.16237  -0.00000
  -0.00000   0.00026  -0.00007  -0.00000   0.36659
   occupation matrix (subspace #          78 , spin            1 )
   0.18110  -0.00122  -0.00061   0.00122  -0.00000
  -0.00122   0.16232   0.00109  -0.00021   0.00028
  -0.00061   0.00109   0.37632  -0.00109   0.00000
   0.00122  -0.00021  -0.00109   0.16231   0.00028
  -0.00000   0.00028   0.00000   0.00028   0.36665
   occupation matrix (subspace #          79 , spin            1 )
   0.17732  -0.00000   0.00000  -0.00000   0.00000
  -0.00000   0.16255  -0.00000   0.00000  -0.00000
   0.00000  -0.00000   0.38141  -0.00000   0.00050
  -0.00000   0.00000  -0.00000   0.16116   0.00000
   0.00000  -0.00000   0.00050   0.00000   0.36550
   occupation matrix (subspace #          80 , spin            1 )
   0.17793  -0.00013  -0.00000  -0.00000  -0.00000
  -0.00013   0.16238  -0.00000  -0.00000  -0.00000
  -0.00000  -0.00000   0.38002  -0.00114   0.00007
  -0.00000  -0.00000  -0.00114   0.16117   0.00026
  -0.00000  -0.00000   0.00007   0.00026   0.36659
   occupation matrix (subspace #          81 , spin            1 )
   0.17781   0.00000  -0.00000   0.00000  -0.00000
   0.00000   0.16173  -0.00002  -0.00000   0.00000
  -0.00000  -0.00002   0.38035   0.00000   0.00000
   0.00000  -0.00000   0.00000   0.16175  -0.00000
  -0.00000   0.00000   0.00000  -0.00000   0.36610
   occupation matrix (subspace #          82 , spin            1 )
   0.17783   0.00001   0.00001   0.00001   0.00002
   0.00001   0.16172   0.00006  -0.00000   0.00013
   0.00001   0.00006   0.38036  -0.00003   0.00002
   0.00001  -0.00000  -0.00003   0.16178  -0.00001
   0.00002   0.00013   0.00002  -0.00001   0.36610
   occupation matrix (subspace #          83 , spin            1 )
   0.17732  -0.00000   0.00000  -0.00000  -0.00000
  -0.00000   0.16116  -0.00000   0.00000  -0.00000
   0.00000  -0.00000   0.38141  -0.00000  -0.00050
  -0.00000   0.00000  -0.00000   0.16255   0.00000
  -0.00000  -0.00000  -0.00050   0.00000   0.36550
   occupation matrix (subspace #          84 , spin            1 )
   0.17775   0.00001  -0.00000  -0.00000   0.00000
   0.00001   0.16146  -0.00000  -0.00000  -0.00000
  -0.00000  -0.00000   0.38068  -0.00002  -0.00011
  -0.00000  -0.00000  -0.00002   0.16188  -0.00001
   0.00000  -0.00000  -0.00011  -0.00001   0.36613
   occupation matrix (subspace #          85 , spin            1 )
   0.17789  -0.00000  -0.00000  -0.00000   0.00000
  -0.00000   0.16214  -0.00000  -0.00000  -0.00000
  -0.00000  -0.00000   0.38046   0.00000   0.00010
  -0.00000  -0.00000   0.00000   0.16123  -0.00000
   0.00000  -0.00000   0.00010  -0.00000   0.36624
   occupation matrix (subspace #          86 , spin            1 )
   0.17779  -0.00001   0.00000  -0.00000  -0.00000
  -0.00001   0.16165  -0.00000   0.00000   0.00000
   0.00000  -0.00000   0.38050  -0.00009   0.00005
  -0.00000   0.00000  -0.00009   0.16183   0.00015
  -0.00000   0.00000   0.00005   0.00015   0.36606
   occupation matrix (subspace #          87 , spin            1 )
   0.17780   0.00000  -0.00000   0.00001   0.00000
   0.00000   0.16172  -0.00000  -0.00000   0.00000
  -0.00000  -0.00000   0.38038   0.00000  -0.00001
   0.00001  -0.00000   0.00000   0.16175   0.00000
   0.00000   0.00000  -0.00001   0.00000   0.36610
   occupation matrix (subspace #          88 , spin            1 )
   0.17780  -0.00000   0.00000   0.00002  -0.00000
  -0.00000   0.16174   0.00004  -0.00000   0.00006
   0.00000   0.00004   0.38040   0.00001  -0.00001
   0.00002  -0.00000   0.00001   0.16175   0.00000
  -0.00000   0.00006  -0.00001   0.00000   0.36608
   occupation matrix (subspace #          89 , spin            1 )
   0.17902  -0.00000  -0.00000  -0.00000   0.00000
  -0.00000   0.16156  -0.00000  -0.00000  -0.00000
  -0.00000  -0.00000   0.37778   0.00000   0.00049
  -0.00000  -0.00000   0.00000   0.16207  -0.00000
   0.00000  -0.00000   0.00049  -0.00000   0.36553
   occupation matrix (subspace #          90 , spin            1 )
   0.18717  -0.00391   0.00000   0.00000  -0.00000
  -0.00391   0.15130  -0.00000   0.00000   0.00000
   0.00000  -0.00000   0.38032   0.00280  -0.00243
   0.00000   0.00000   0.00280   0.16885  -0.00302
  -0.00000   0.00000  -0.00243  -0.00302   0.36923
   occupation matrix (subspace #          91 , spin            1 )
   0.17740  -0.00000  -0.00000   0.00011   0.00000
  -0.00000   0.16233  -0.00048  -0.00000   0.00035
  -0.00000  -0.00048   0.38136  -0.00000   0.00027
   0.00011  -0.00000  -0.00000   0.16106   0.00000
   0.00000   0.00035   0.00027   0.00000   0.36550
   occupation matrix (subspace #          92 , spin            1 )
   0.17753   0.00034  -0.00034   0.00041   0.00023
   0.00034   0.16050   0.00139  -0.00016   0.00321
  -0.00034   0.00139   0.38199  -0.00142  -0.00109
   0.00041  -0.00016  -0.00142   0.16383  -0.00033
   0.00023   0.00321  -0.00109  -0.00033   0.36576
   occupation matrix (subspace #          93 , spin            1 )
   0.17781   0.00000  -0.00000  -0.00000   0.00000
   0.00000   0.16170  -0.00000  -0.00000  -0.00000
  -0.00000  -0.00000   0.38036   0.00000  -0.00002
  -0.00000  -0.00000   0.00000   0.16176  -0.00000
   0.00000  -0.00000  -0.00002  -0.00000   0.36611
   occupation matrix (subspace #          94 , spin            1 )
   0.17777   0.00003   0.00000   0.00000  -0.00000
   0.00003   0.16166  -0.00000   0.00000   0.00000
   0.00000  -0.00000   0.38036   0.00002   0.00001
   0.00000   0.00000   0.00002   0.16180  -0.00002
  -0.00000   0.00000   0.00001  -0.00002   0.36610
   occupation matrix (subspace #          95 , spin            1 )
   0.17771  -0.00000  -0.00000  -0.00020   0.00000
  -0.00000   0.16230   0.00044  -0.00000   0.00079
  -0.00000   0.00044   0.38047  -0.00000  -0.00002
  -0.00020  -0.00000  -0.00000   0.16125   0.00000
   0.00000   0.00079  -0.00002   0.00000   0.36631
   occupation matrix (subspace #          96 , spin            1 )
   0.17779   0.00008   0.00005  -0.00003  -0.00010
   0.00008   0.16189  -0.00032  -0.00001   0.00003
   0.00005  -0.00032   0.38042   0.00010   0.00005
  -0.00003  -0.00001   0.00010   0.16154  -0.00018
  -0.00010   0.00003   0.00005  -0.00018   0.36604
   occupation matrix (subspace #          97 , spin            1 )
   0.17775   0.00000   0.00000   0.00001  -0.00000
   0.00000   0.16188  -0.00002   0.00000   0.00001
   0.00000  -0.00002   0.38068  -0.00000   0.00011
   0.00001   0.00000  -0.00000   0.16145  -0.00000
  -0.00000   0.00001   0.00011  -0.00000   0.36613
   occupation matrix (subspace #          98 , spin            1 )
   0.17783  -0.00001  -0.00001   0.00001   0.00002
  -0.00001   0.16178  -0.00003   0.00000   0.00001
  -0.00001  -0.00003   0.38036  -0.00006  -0.00002
   0.00001   0.00000  -0.00006   0.16172   0.00013
   0.00002   0.00001  -0.00002   0.00013   0.36610
   occupation matrix (subspace #          99 , spin            1 )
   0.17780  -0.00000  -0.00000  -0.00001  -0.00000
  -0.00000   0.16172   0.00000  -0.00000  -0.00000
  -0.00000   0.00000   0.38038  -0.00000  -0.00001
  -0.00001  -0.00000  -0.00000   0.16175   0.00000
  -0.00000  -0.00000  -0.00001   0.00000   0.36610
   occupation matrix (subspace #         100 , spin            1 )
   0.17780  -0.00000  -0.00000  -0.00002   0.00000
  -0.00000   0.16174  -0.00004   0.00000  -0.00007
  -0.00000  -0.00004   0.38040   0.00001  -0.00001
  -0.00002   0.00000   0.00001   0.16174   0.00000
   0.00000  -0.00007  -0.00001   0.00000   0.36608
   occupation matrix (subspace #         101 , spin            1 )
   0.17793   0.00000   0.00000  -0.00013  -0.00000
   0.00000   0.16117  -0.00114   0.00000  -0.00026
   0.00000  -0.00114   0.38002   0.00000  -0.00007
  -0.00013   0.00000   0.00000   0.16237  -0.00000
  -0.00000  -0.00026  -0.00007  -0.00000   0.36659
   occupation matrix (subspace #         102 , spin            1 )
   0.18110  -0.00122   0.00061  -0.00122   0.00000
  -0.00122   0.16232  -0.00109   0.00021  -0.00028
   0.00061  -0.00109   0.37632  -0.00109   0.00000
  -0.00122   0.00021  -0.00109   0.16231   0.00028
   0.00000  -0.00028   0.00000   0.00028   0.36665
   occupation matrix (subspace #         103 , spin            1 )
   0.17740  -0.00000  -0.00000  -0.00011  -0.00000
  -0.00000   0.16234   0.00048  -0.00000  -0.00035
  -0.00000   0.00048   0.38136  -0.00000   0.00027
  -0.00011  -0.00000  -0.00000   0.16106   0.00000
  -0.00000  -0.00035   0.00027   0.00000   0.36550
   occupation matrix (subspace #         104 , spin            1 )
   0.17753   0.00034   0.00034  -0.00041  -0.00023
   0.00034   0.16050  -0.00139   0.00016  -0.00321
   0.00034  -0.00139   0.38199  -0.00142  -0.00109
  -0.00041   0.00016  -0.00142   0.16383  -0.00033
  -0.00023  -0.00321  -0.00109  -0.00033   0.36576
   occupation matrix (subspace #         105 , spin            1 )
   0.17781   0.00000  -0.00000  -0.00000  -0.00000
   0.00000   0.16173   0.00002  -0.00000  -0.00000
  -0.00000   0.00002   0.38035   0.00000   0.00000
  -0.00000  -0.00000   0.00000   0.16175  -0.00000
  -0.00000  -0.00000   0.00000  -0.00000   0.36610
   occupation matrix (subspace #         106 , spin            1 )
   0.17783   0.00001  -0.00001  -0.00001  -0.00002
   0.00001   0.16172  -0.00006   0.00000  -0.00013
  -0.00001  -0.00006   0.38036  -0.00003   0.00002
  -0.00001   0.00000  -0.00003   0.16178  -0.00001
  -0.00002  -0.00013   0.00002  -0.00001   0.36610
   occupation matrix (subspace #         107 , spin            1 )
   0.17771  -0.00000  -0.00000   0.00020  -0.00000
  -0.00000   0.16230  -0.00043   0.00000  -0.00079
  -0.00000  -0.00043   0.38047  -0.00000  -0.00002
   0.00020   0.00000  -0.00000   0.16125   0.00000
  -0.00000  -0.00079  -0.00002   0.00000   0.36631
   occupation matrix (subspace #         108 , spin            1 )
   0.17779   0.00008  -0.00005   0.00003   0.00010
   0.00008   0.16189   0.00032   0.00001  -0.00003
  -0.00005   0.00032   0.38042   0.00010   0.00005
   0.00003   0.00001   0.00010   0.16154  -0.00018
   0.00010  -0.00003   0.00005  -0.00018   0.36604
