   occupation matrix (subspace #           1 , spin            1 )
   0.03768   0.00000  -0.00205  -0.00000  -0.00004
   0.00000   0.04499   0.00000   0.00802  -0.00000
  -0.00205   0.00000   0.04470   0.00000   0.00053
  -0.00000   0.00802   0.00000   0.04581  -0.00001
  -0.00004  -0.00000   0.00053  -0.00001   0.03068
   occupation matrix (subspace #           2 , spin            1 )
   0.03768   0.00000  -0.00205  -0.00000  -0.00004
   0.00000   0.04499   0.00000   0.00802  -0.00000
  -0.00205   0.00000   0.04470   0.00000   0.00053
  -0.00000   0.00802   0.00000   0.04581  -0.00001
  -0.00004  -0.00000   0.00053  -0.00001   0.03068
   occupation matrix (subspace #           3 , spin            1 )
   0.03768   0.00000   0.00205   0.00000   0.00004
   0.00000   0.04499   0.00000  -0.00802   0.00000
   0.00205   0.00000   0.04470   0.00000   0.00053
   0.00000  -0.00802   0.00000   0.04581  -0.00000
   0.00004   0.00000   0.00053  -0.00000   0.03068
   occupation matrix (subspace #           4 , spin            1 )
   0.03768   0.00000   0.00205   0.00000   0.00004
   0.00000   0.04499   0.00000  -0.00802   0.00000
   0.00205   0.00000   0.04470   0.00000   0.00053
   0.00000  -0.00802   0.00000   0.04581  -0.00000
   0.00004   0.00000   0.00053  -0.00000   0.03068
   occupation matrix (subspace #           5 , spin            1 )
   2.26913   0.10221  -0.04955
   0.10221   0.99837   0.15533
  -0.04955   0.15533   2.18236
   occupation matrix (subspace #           6 , spin            1 )
   2.26915  -0.10203  -0.04951
  -0.10203   0.99833  -0.15543
  -0.04951  -0.15543   2.18229
   occupation matrix (subspace #           7 , spin            1 )
   2.26916   0.10192   0.04948
   0.10192   0.99831  -0.15547
   0.04948  -0.15547   2.18228
   occupation matrix (subspace #           8 , spin            1 )
   2.26911  -0.10234   0.04958
  -0.10234   0.99839   0.15529
   0.04958   0.15529   2.18238
   occupation matrix (subspace #           9 , spin            1 )
   2.26913   0.10222  -0.04956
   0.10222   0.99837   0.15533
  -0.04956   0.15533   2.18237
   occupation matrix (subspace #          10 , spin            1 )
   2.26914  -0.10204  -0.04951
  -0.10204   0.99834  -0.15543
  -0.04951  -0.15543   2.18230
   occupation matrix (subspace #          11 , spin            1 )
   2.26917   0.10191   0.04948
   0.10191   0.99831  -0.15547
   0.04948  -0.15547   2.18228
   occupation matrix (subspace #          12 , spin            1 )
   2.26911  -0.10233   0.04958
  -0.10233   0.99839   0.15529
   0.04958   0.15529   2.18238
   occupation matrix (subspace #          13 , spin            1 )
   1.91973   0.01712   0.00002
   0.01712   1.94867  -0.00000
   0.00002  -0.00000   1.91962
   occupation matrix (subspace #          14 , spin            1 )
   1.91973  -0.01712  -0.00002
  -0.01712   1.94867  -0.00000
  -0.00002  -0.00000   1.91962
   occupation matrix (subspace #          15 , spin            1 )
   1.91973   0.01712   0.00002
   0.01712   1.94867  -0.00000
   0.00002  -0.00000   1.91962
   occupation matrix (subspace #          16 , spin            1 )
   1.91973  -0.01712  -0.00002
  -0.01712   1.94867  -0.00000
  -0.00002  -0.00000   1.91962
