   occupation matrix (subspace #           1 , spin            1 )
   1.47954   0.00000  -0.00000   0.80871   0.00000
   0.00000   0.98179   0.11005   0.00000  -0.76433
  -0.00000   0.11005   2.12244   0.00000   0.07663
   0.80871   0.00000   0.00000   1.12462  -0.00000
   0.00000  -0.76433   0.07663  -0.00000   1.62580
   occupation matrix (subspace #           2 , spin            1 )
   1.47954  -0.00000   0.00000   0.80871  -0.00000
  -0.00000   0.98179   0.11005  -0.00000  -0.76433
   0.00000   0.11005   2.12244  -0.00000   0.07663
   0.80871  -0.00000  -0.00000   1.12462   0.00000
  -0.00000  -0.76433   0.07663   0.00000   1.62580
   occupation matrix (subspace #           3 , spin            1 )
   1.47954  -0.00000   0.00000   0.80871  -0.00000
  -0.00000   0.98179   0.11005  -0.00000  -0.76433
   0.00000   0.11005   2.12244  -0.00000   0.07663
   0.80871  -0.00000  -0.00000   1.12462   0.00000
  -0.00000  -0.76433   0.07663   0.00000   1.62580
   occupation matrix (subspace #           4 , spin            1 )
   1.65209  -0.00745  -0.00000
  -0.00745   1.78967  -0.00000
  -0.00000  -0.00000   1.65219
   occupation matrix (subspace #           5 , spin            1 )
   1.65209  -0.00745   0.00000
  -0.00745   1.78967   0.00000
   0.00000   0.00000   1.65219
   occupation matrix (subspace #           6 , spin            1 )
   1.65209  -0.00745  -0.00000
  -0.00745   1.78967  -0.00000
  -0.00000  -0.00000   1.65219
   occupation matrix (subspace #           7 , spin            1 )
   1.65209  -0.00745   0.00000
  -0.00745   1.78967   0.00000
   0.00000   0.00000   1.65219
   occupation matrix (subspace #           8 , spin            1 )
   1.65209  -0.00745  -0.00000
  -0.00745   1.78967  -0.00000
  -0.00000  -0.00000   1.65219
   occupation matrix (subspace #           9 , spin            1 )
   1.65209  -0.00745   0.00000
  -0.00745   1.78967   0.00000
   0.00000   0.00000   1.65219
