   occupation matrix (subspace #           1 , spin            1 )
   0.91798  -0.00000   0.00000   0.52305  -0.00000
  -0.00000   0.58040   0.05680   0.00000  -0.49773
   0.00000   0.05680   1.34542   0.00000   0.04013
   0.52305   0.00000   0.00000   0.65103   0.00000
  -0.00000  -0.49773   0.04013   0.00000   0.98617
   occupation matrix (subspace #           2 , spin            1 )
   0.91794   0.00001  -0.00001   0.52304   0.00002
   0.00001   0.58049   0.05679   0.00001  -0.49771
  -0.00001   0.05679   1.34521   0.00001   0.04014
   0.52304   0.00001   0.00001   0.65116  -0.00001
   0.00002  -0.49771   0.04014  -0.00001   0.98614
   occupation matrix (subspace #           3 , spin            1 )
   0.91799  -0.00000  -0.00000   0.52305   0.00000
  -0.00000   0.58038   0.05680   0.00000  -0.49773
  -0.00000   0.05680   1.34548   0.00000   0.04012
   0.52305   0.00000   0.00000   0.65100  -0.00000
   0.00000  -0.49773   0.04012  -0.00000   0.98617
   occupation matrix (subspace #           4 , spin            1 )
   0.91957   0.00158   0.00952   0.51400  -0.00011
   0.00158   0.58767   0.06302  -0.01367  -0.48846
   0.00952   0.06302   1.33339   0.00744   0.03412
   0.51400  -0.01367   0.00744   0.64563   0.00411
  -0.00011  -0.48846   0.03412   0.00411   0.98562
   occupation matrix (subspace #           5 , spin            1 )
   0.91824   0.00007   0.00107   0.52272  -0.00147
   0.00007   0.58187   0.05584  -0.00144  -0.49767
   0.00107   0.05584   1.34282  -0.00158   0.03995
   0.52272  -0.00144  -0.00158   0.65189   0.00084
  -0.00147  -0.49767   0.03995   0.00084   0.98533
   occupation matrix (subspace #           6 , spin            1 )
   0.91824   0.00007   0.00107   0.52272  -0.00147
   0.00007   0.58187   0.05584  -0.00144  -0.49767
   0.00107   0.05584   1.34282  -0.00158   0.03995
   0.52272  -0.00144  -0.00158   0.65189   0.00084
  -0.00147  -0.49767   0.03995   0.00084   0.98533
   occupation matrix (subspace #           7 , spin            1 )
   0.91798   0.00000   0.00000   0.52305  -0.00000
   0.00000   0.58040   0.05680  -0.00000  -0.49773
   0.00000   0.05680   1.34542  -0.00000   0.04013
   0.52305  -0.00000  -0.00000   0.65103   0.00000
  -0.00000  -0.49773   0.04013   0.00000   0.98617
   occupation matrix (subspace #           8 , spin            1 )
   0.91799  -0.00000  -0.00000   0.52305   0.00000
  -0.00000   0.58038   0.05680   0.00000  -0.49773
  -0.00000   0.05680   1.34548   0.00000   0.04012
   0.52305   0.00000   0.00000   0.65100  -0.00000
   0.00000  -0.49773   0.04012  -0.00000   0.98617
   occupation matrix (subspace #           9 , spin            1 )
   0.91794   0.00001  -0.00001   0.52304   0.00002
   0.00001   0.58049   0.05679   0.00001  -0.49771
  -0.00001   0.05679   1.34521   0.00001   0.04014
   0.52304   0.00001   0.00001   0.65116  -0.00001
   0.00002  -0.49771   0.04014  -0.00001   0.98614
   occupation matrix (subspace #          10 , spin            1 )
   0.91798  -0.00000  -0.00000   0.52305   0.00000
  -0.00000   0.58040   0.05680   0.00000  -0.49773
  -0.00000   0.05680   1.34542   0.00000   0.04013
   0.52305   0.00000   0.00000   0.65103  -0.00000
   0.00000  -0.49773   0.04013  -0.00000   0.98617
   occupation matrix (subspace #          11 , spin            1 )
   0.91796  -0.00000  -0.00002   0.52303   0.00003
  -0.00000   0.58049   0.05677   0.00003  -0.49771
  -0.00002   0.05677   1.34522   0.00002   0.04013
   0.52303   0.00003   0.00002   0.65113  -0.00001
   0.00003  -0.49771   0.04013  -0.00001   0.98613
   occupation matrix (subspace #          12 , spin            1 )
   0.91799  -0.00000   0.00000   0.52305  -0.00000
  -0.00000   0.58038   0.05680  -0.00000  -0.49773
   0.00000   0.05680   1.34548  -0.00000   0.04012
   0.52305  -0.00000  -0.00000   0.65100  -0.00000
  -0.00000  -0.49773   0.04012  -0.00000   0.98617
   occupation matrix (subspace #          13 , spin            1 )
   0.91570  -0.00000   0.00000   0.52234  -0.00000
  -0.00000   0.58526   0.05701  -0.00000  -0.49683
   0.00000   0.05701   1.33061  -0.00000   0.04044
   0.52234  -0.00000  -0.00000   0.65876   0.00000
  -0.00000  -0.49683   0.04044   0.00000   0.98597
   occupation matrix (subspace #          14 , spin            1 )
   0.91751  -0.00038   0.00038   0.52289  -0.00085
  -0.00038   0.58106   0.05672  -0.00042  -0.49739
   0.00038   0.05672   1.34399  -0.00035   0.04005
   0.52289  -0.00042  -0.00035   0.65185   0.00029
  -0.00085  -0.49739   0.04005   0.00029   0.98613
   occupation matrix (subspace #          15 , spin            1 )
   0.91615   0.00000   0.00000   0.52304  -0.00000
   0.00000   0.58054   0.05877  -0.00000  -0.49685
   0.00000   0.05877   1.34184  -0.00000   0.04084
   0.52304  -0.00000  -0.00000   0.65410   0.00000
  -0.00000  -0.49685   0.04084   0.00000   0.98737
   occupation matrix (subspace #          16 , spin            1 )
   0.91798  -0.00000   0.00000   0.52305   0.00000
  -0.00000   0.58040   0.05680  -0.00000  -0.49773
   0.00000   0.05680   1.34542   0.00000   0.04013
   0.52305  -0.00000   0.00000   0.65103  -0.00000
   0.00000  -0.49773   0.04013  -0.00000   0.98617
   occupation matrix (subspace #          17 , spin            1 )
   0.91799  -0.00000  -0.00000   0.52305  -0.00000
  -0.00000   0.58038   0.05680  -0.00000  -0.49773
  -0.00000   0.05680   1.34548  -0.00000   0.04012
   0.52305  -0.00000  -0.00000   0.65100  -0.00000
  -0.00000  -0.49773   0.04012  -0.00000   0.98617
   occupation matrix (subspace #          18 , spin            1 )
   0.91796  -0.00000  -0.00000   0.52303   0.00000
  -0.00000   0.58050   0.05679   0.00000  -0.49772
  -0.00000   0.05679   1.34521   0.00000   0.04014
   0.52303   0.00000   0.00000   0.65115  -0.00000
   0.00000  -0.49772   0.04014  -0.00000   0.98612
   occupation matrix (subspace #          19 , spin            1 )
   0.91798  -0.00000  -0.00000   0.52305   0.00000
  -0.00000   0.58040   0.05680   0.00000  -0.49773
  -0.00000   0.05680   1.34542   0.00000   0.04013
   0.52305   0.00000   0.00000   0.65103  -0.00000
   0.00000  -0.49773   0.04013  -0.00000   0.98617
   occupation matrix (subspace #          20 , spin            1 )
   0.91796  -0.00000   0.00000   0.52303   0.00000
  -0.00000   0.58050   0.05679   0.00000  -0.49772
   0.00000   0.05679   1.34521  -0.00000   0.04014
   0.52303   0.00000  -0.00000   0.65115  -0.00000
   0.00000  -0.49772   0.04014  -0.00000   0.98612
   occupation matrix (subspace #          21 , spin            1 )
   0.91799  -0.00000  -0.00000   0.52305   0.00000
  -0.00000   0.58038   0.05680   0.00000  -0.49773
  -0.00000   0.05680   1.34548  -0.00000   0.04012
   0.52305   0.00000  -0.00000   0.65100   0.00000
   0.00000  -0.49773   0.04012   0.00000   0.98617
   occupation matrix (subspace #          22 , spin            1 )
   0.91879   0.00000   0.00000   0.51494  -0.00000
   0.00000   0.56427   0.04609   0.00000  -0.48031
   0.00000   0.04609   1.33005  -0.00000   0.05765
   0.51494   0.00000  -0.00000   0.67396   0.00000
  -0.00000  -0.48031   0.05765   0.00000   0.98212
   occupation matrix (subspace #          23 , spin            1 )
   0.91615   0.00000   0.00000   0.52304  -0.00000
   0.00000   0.58054   0.05877  -0.00000  -0.49685
   0.00000   0.05877   1.34184  -0.00000   0.04084
   0.52304  -0.00000  -0.00000   0.65410   0.00000
  -0.00000  -0.49685   0.04084   0.00000   0.98737
   occupation matrix (subspace #          24 , spin            1 )
   0.91751  -0.00038   0.00038   0.52289  -0.00085
  -0.00038   0.58106   0.05672  -0.00042  -0.49739
   0.00038   0.05672   1.34399  -0.00035   0.04005
   0.52289  -0.00042  -0.00035   0.65185   0.00029
  -0.00085  -0.49739   0.04005   0.00029   0.98613
   occupation matrix (subspace #          25 , spin            1 )
   0.91798   0.00000   0.00000   0.52305  -0.00000
   0.00000   0.58040   0.05680  -0.00000  -0.49773
   0.00000   0.05680   1.34542  -0.00000   0.04013
   0.52305  -0.00000  -0.00000   0.65103   0.00000
  -0.00000  -0.49773   0.04013   0.00000   0.98617
   occupation matrix (subspace #          26 , spin            1 )
   0.91799   0.00000  -0.00000   0.52305   0.00000
   0.00000   0.58038   0.05680   0.00000  -0.49773
  -0.00000   0.05680   1.34548   0.00000   0.04012
   0.52305   0.00000   0.00000   0.65100   0.00000
   0.00000  -0.49773   0.04012   0.00000   0.98617
   occupation matrix (subspace #          27 , spin            1 )
   0.91796  -0.00000  -0.00002   0.52303   0.00003
  -0.00000   0.58049   0.05677   0.00003  -0.49771
  -0.00002   0.05677   1.34522   0.00002   0.04013
   0.52303   0.00003   0.00002   0.65113  -0.00001
   0.00003  -0.49771   0.04013  -0.00001   0.98613
   occupation matrix (subspace #          28 , spin            1 )
   0.91798   0.00000   0.00000   0.52305  -0.00000
   0.00000   0.58040   0.05680  -0.00000  -0.49773
   0.00000   0.05680   1.34542  -0.00000   0.04013
   0.52305  -0.00000  -0.00000   0.65103   0.00000
  -0.00000  -0.49773   0.04013   0.00000   0.98617
   occupation matrix (subspace #          29 , spin            1 )
   0.91794  -0.00001   0.00001   0.52304  -0.00002
  -0.00001   0.58049   0.05679  -0.00001  -0.49771
   0.00001   0.05679   1.34521  -0.00001   0.04014
   0.52304  -0.00001  -0.00001   0.65116   0.00001
  -0.00002  -0.49771   0.04014   0.00001   0.98614
   occupation matrix (subspace #          30 , spin            1 )
   0.91799  -0.00000   0.00000   0.52305  -0.00000
  -0.00000   0.58038   0.05680  -0.00000  -0.49773
   0.00000   0.05680   1.34548  -0.00000   0.04012
   0.52305  -0.00000  -0.00000   0.65100  -0.00000
  -0.00000  -0.49773   0.04012  -0.00000   0.98617
   occupation matrix (subspace #          31 , spin            1 )
   0.91570   0.00000   0.00000   0.52234  -0.00000
   0.00000   0.58526   0.05701  -0.00000  -0.49683
   0.00000   0.05701   1.33061  -0.00000   0.04044
   0.52234  -0.00000  -0.00000   0.65876   0.00000
  -0.00000  -0.49683   0.04044   0.00000   0.98597
   occupation matrix (subspace #          32 , spin            1 )
   0.91824  -0.00007  -0.00107   0.52272   0.00147
  -0.00007   0.58187   0.05584   0.00144  -0.49767
  -0.00107   0.05584   1.34282   0.00158   0.03995
   0.52272   0.00144   0.00158   0.65189  -0.00084
   0.00147  -0.49767   0.03995  -0.00084   0.98533
   occupation matrix (subspace #          33 , spin            1 )
   0.91835   0.00000   0.00000   0.52259  -0.00000
   0.00000   0.58119   0.05665  -0.00000  -0.49776
   0.00000   0.05665   1.34410  -0.00000   0.04024
   0.52259  -0.00000  -0.00000   0.65172   0.00000
  -0.00000  -0.49776   0.04024   0.00000   0.98519
   occupation matrix (subspace #          34 , spin            1 )
   0.91798   0.00000  -0.00000   0.52305   0.00000
   0.00000   0.58040   0.05680   0.00000  -0.49773
  -0.00000   0.05680   1.34542   0.00000   0.04013
   0.52305   0.00000   0.00000   0.65103   0.00000
   0.00000  -0.49773   0.04013   0.00000   0.98617
   occupation matrix (subspace #          35 , spin            1 )
   0.91799   0.00000   0.00000   0.52305   0.00000
   0.00000   0.58038   0.05680  -0.00000  -0.49773
   0.00000   0.05680   1.34548   0.00000   0.04012
   0.52305  -0.00000   0.00000   0.65100  -0.00000
   0.00000  -0.49773   0.04012  -0.00000   0.98617
   occupation matrix (subspace #          36 , spin            1 )
   0.91792  -0.00000   0.00000   0.52304  -0.00000
  -0.00000   0.58045   0.05682  -0.00000  -0.49770
   0.00000   0.05682   1.34521  -0.00000   0.04016
   0.52304  -0.00000  -0.00000   0.65118   0.00000
  -0.00000  -0.49770   0.04016   0.00000   0.98617
   occupation matrix (subspace #          37 , spin            1 )
   0.91798   0.00000   0.00000   0.52305  -0.00000
   0.00000   0.58040   0.05680  -0.00000  -0.49773
   0.00000   0.05680   1.34542  -0.00000   0.04013
   0.52305  -0.00000  -0.00000   0.65103   0.00000
  -0.00000  -0.49773   0.04013   0.00000   0.98617
   occupation matrix (subspace #          38 , spin            1 )
   0.91796   0.00000  -0.00000   0.52304  -0.00000
   0.00000   0.58049   0.05677  -0.00000  -0.49771
  -0.00000   0.05677   1.34521   0.00000   0.04013
   0.52304  -0.00000   0.00000   0.65113   0.00000
  -0.00000  -0.49771   0.04013   0.00000   0.98614
   occupation matrix (subspace #          39 , spin            1 )
   0.91799  -0.00000  -0.00000   0.52305   0.00000
  -0.00000   0.58038   0.05680   0.00000  -0.49773
  -0.00000   0.05680   1.34548   0.00000   0.04012
   0.52305   0.00000   0.00000   0.65100   0.00000
   0.00000  -0.49773   0.04012   0.00000   0.98617
   occupation matrix (subspace #          40 , spin            1 )
   0.91957   0.00158   0.00952   0.51400  -0.00011
   0.00158   0.58767   0.06302  -0.01367  -0.48846
   0.00952   0.06302   1.33339   0.00744   0.03412
   0.51400  -0.01367   0.00744   0.64563   0.00411
  -0.00011  -0.48846   0.03412   0.00411   0.98562
   occupation matrix (subspace #          41 , spin            1 )
   0.91704  -0.00000  -0.00000   0.52312   0.00000
  -0.00000   0.58046   0.05749   0.00000  -0.49729
  -0.00000   0.05749   1.34431   0.00000   0.04111
   0.52312   0.00000   0.00000   0.65254  -0.00000
   0.00000  -0.49729   0.04111  -0.00000   0.98623
   occupation matrix (subspace #          42 , spin            1 )
   0.91783  -0.00011  -0.00096   0.52286   0.00060
  -0.00011   0.58151   0.05636   0.00071  -0.49780
  -0.00096   0.05636   1.34402   0.00069   0.03961
   0.52286   0.00071   0.00069   0.65166  -0.00056
   0.00060  -0.49780   0.03961  -0.00056   0.98543
   occupation matrix (subspace #          43 , spin            1 )
   0.91798  -0.00000   0.00000   0.52305  -0.00000
  -0.00000   0.58040   0.05680   0.00000  -0.49773
   0.00000   0.05680   1.34542   0.00000   0.04013
   0.52305   0.00000   0.00000   0.65103   0.00000
  -0.00000  -0.49773   0.04013   0.00000   0.98617
   occupation matrix (subspace #          44 , spin            1 )
   0.91799   0.00000  -0.00000   0.52305   0.00000
   0.00000   0.58038   0.05680   0.00000  -0.49773
  -0.00000   0.05680   1.34548   0.00000   0.04012
   0.52305   0.00000   0.00000   0.65100   0.00000
   0.00000  -0.49773   0.04012   0.00000   0.98617
   occupation matrix (subspace #          45 , spin            1 )
   0.91795   0.00000   0.00001   0.52304  -0.00001
   0.00000   0.58047   0.05680  -0.00002  -0.49771
   0.00001   0.05680   1.34521  -0.00002   0.04015
   0.52304  -0.00002  -0.00002   0.65115   0.00000
  -0.00001  -0.49771   0.04015   0.00000   0.98615
   occupation matrix (subspace #          46 , spin            1 )
   0.91798   0.00000   0.00000   0.52305  -0.00000
   0.00000   0.58040   0.05680  -0.00000  -0.49773
   0.00000   0.05680   1.34542  -0.00000   0.04013
   0.52305  -0.00000  -0.00000   0.65103   0.00000
  -0.00000  -0.49773   0.04013   0.00000   0.98617
   occupation matrix (subspace #          47 , spin            1 )
   0.91795  -0.00000  -0.00001   0.52304   0.00001
  -0.00000   0.58047   0.05680   0.00002  -0.49771
  -0.00001   0.05680   1.34521   0.00002   0.04015
   0.52304   0.00002   0.00002   0.65115  -0.00000
   0.00001  -0.49771   0.04015  -0.00000   0.98615
   occupation matrix (subspace #          48 , spin            1 )
   0.91799   0.00000   0.00000   0.52305  -0.00000
   0.00000   0.58038   0.05680  -0.00000  -0.49773
   0.00000   0.05680   1.34548   0.00000   0.04012
   0.52305  -0.00000   0.00000   0.65100   0.00000
  -0.00000  -0.49773   0.04012   0.00000   0.98617
   occupation matrix (subspace #          49 , spin            1 )
   0.91879  -0.00000  -0.00000   0.51494   0.00000
  -0.00000   0.56427   0.04609  -0.00000  -0.48031
  -0.00000   0.04609   1.33005   0.00000   0.05765
   0.51494  -0.00000   0.00000   0.67396  -0.00000
   0.00000  -0.48031   0.05765  -0.00000   0.98212
   occupation matrix (subspace #          50 , spin            1 )
   0.91783   0.00011   0.00096   0.52286  -0.00060
   0.00011   0.58151   0.05636  -0.00071  -0.49780
   0.00096   0.05636   1.34402  -0.00069   0.03961
   0.52286  -0.00071  -0.00069   0.65166   0.00056
  -0.00060  -0.49780   0.03961   0.00056   0.98543
   occupation matrix (subspace #          51 , spin            1 )
   0.91751   0.00038  -0.00038   0.52289   0.00085
   0.00038   0.58106   0.05672   0.00042  -0.49739
  -0.00038   0.05672   1.34399   0.00035   0.04005
   0.52289   0.00042   0.00035   0.65185  -0.00029
   0.00085  -0.49739   0.04005  -0.00029   0.98613
   occupation matrix (subspace #          52 , spin            1 )
   0.91798  -0.00000  -0.00000   0.52305   0.00000
  -0.00000   0.58040   0.05680   0.00000  -0.49773
  -0.00000   0.05680   1.34542   0.00000   0.04013
   0.52305   0.00000   0.00000   0.65103  -0.00000
   0.00000  -0.49773   0.04013  -0.00000   0.98617
   occupation matrix (subspace #          53 , spin            1 )
   0.91799   0.00000   0.00000   0.52305  -0.00000
   0.00000   0.58038   0.05680  -0.00000  -0.49773
   0.00000   0.05680   1.34548  -0.00000   0.04012
   0.52305  -0.00000  -0.00000   0.65100  -0.00000
  -0.00000  -0.49773   0.04012  -0.00000   0.98617
   occupation matrix (subspace #          54 , spin            1 )
   0.91796   0.00000   0.00002   0.52303  -0.00003
   0.00000   0.58049   0.05677  -0.00003  -0.49771
   0.00002   0.05677   1.34522  -0.00002   0.04013
   0.52303  -0.00003  -0.00002   0.65113   0.00001
  -0.00003  -0.49771   0.04013   0.00001   0.98613
   occupation matrix (subspace #          55 , spin            1 )
   0.91798   0.00000  -0.00000   0.52305   0.00000
   0.00000   0.58040   0.05680  -0.00000  -0.49773
  -0.00000   0.05680   1.34542  -0.00000   0.04013
   0.52305  -0.00000  -0.00000   0.65103  -0.00000
   0.00000  -0.49773   0.04013  -0.00000   0.98617
   occupation matrix (subspace #          56 , spin            1 )
   0.91792  -0.00000   0.00000   0.52304   0.00000
  -0.00000   0.58045   0.05682   0.00000  -0.49770
   0.00000   0.05682   1.34521  -0.00000   0.04016
   0.52304   0.00000  -0.00000   0.65118  -0.00000
   0.00000  -0.49770   0.04016  -0.00000   0.98617
   occupation matrix (subspace #          57 , spin            1 )
   0.91799   0.00000   0.00000   0.52305  -0.00000
   0.00000   0.58038   0.05680  -0.00000  -0.49773
   0.00000   0.05680   1.34548  -0.00000   0.04012
   0.52305  -0.00000  -0.00000   0.65100   0.00000
  -0.00000  -0.49773   0.04012   0.00000   0.98617
   occupation matrix (subspace #          58 , spin            1 )
   0.91957  -0.00158  -0.00952   0.51400   0.00011
  -0.00158   0.58767   0.06302   0.01367  -0.48846
  -0.00952   0.06302   1.33339  -0.00744   0.03412
   0.51400   0.01367  -0.00744   0.64563  -0.00411
   0.00011  -0.48846   0.03412  -0.00411   0.98562
   occupation matrix (subspace #          59 , spin            1 )
   0.91835  -0.00000  -0.00000   0.52259   0.00000
  -0.00000   0.58119   0.05665   0.00000  -0.49776
  -0.00000   0.05665   1.34410   0.00000   0.04024
   0.52259   0.00000   0.00000   0.65172  -0.00000
   0.00000  -0.49776   0.04024  -0.00000   0.98519
   occupation matrix (subspace #          60 , spin            1 )
   0.91824  -0.00007  -0.00107   0.52272   0.00147
  -0.00007   0.58187   0.05584   0.00144  -0.49767
  -0.00107   0.05584   1.34282   0.00158   0.03995
   0.52272   0.00144   0.00158   0.65189  -0.00084
   0.00147  -0.49767   0.03995  -0.00084   0.98533
   occupation matrix (subspace #          61 , spin            1 )
   0.91798  -0.00000  -0.00000   0.52305   0.00000
  -0.00000   0.58040   0.05680   0.00000  -0.49773
  -0.00000   0.05680   1.34542   0.00000   0.04013
   0.52305   0.00000   0.00000   0.65103  -0.00000
   0.00000  -0.49773   0.04013  -0.00000   0.98617
   occupation matrix (subspace #          62 , spin            1 )
   0.91799   0.00000   0.00000   0.52305  -0.00000
   0.00000   0.58038   0.05680  -0.00000  -0.49773
   0.00000   0.05680   1.34548  -0.00000   0.04012
   0.52305  -0.00000  -0.00000   0.65100   0.00000
  -0.00000  -0.49773   0.04012   0.00000   0.98617
   occupation matrix (subspace #          63 , spin            1 )
   0.91794  -0.00001   0.00001   0.52304  -0.00002
  -0.00001   0.58049   0.05679  -0.00001  -0.49771
   0.00001   0.05679   1.34521  -0.00001   0.04014
   0.52304  -0.00001  -0.00001   0.65116   0.00001
  -0.00002  -0.49771   0.04014   0.00001   0.98614
   occupation matrix (subspace #          64 , spin            1 )
   0.91798  -0.00000  -0.00000   0.52305   0.00000
  -0.00000   0.58040   0.05680   0.00000  -0.49773
  -0.00000   0.05680   1.34542   0.00000   0.04013
   0.52305   0.00000   0.00000   0.65103  -0.00000
   0.00000  -0.49773   0.04013  -0.00000   0.98617
   occupation matrix (subspace #          65 , spin            1 )
   0.91796   0.00000   0.00002   0.52303  -0.00003
   0.00000   0.58049   0.05677  -0.00003  -0.49771
   0.00002   0.05677   1.34522  -0.00002   0.04013
   0.52303  -0.00003  -0.00002   0.65113   0.00001
  -0.00003  -0.49771   0.04013   0.00001   0.98613
   occupation matrix (subspace #          66 , spin            1 )
   0.91799   0.00000   0.00000   0.52305   0.00000
   0.00000   0.58038   0.05680  -0.00000  -0.49773
   0.00000   0.05680   1.34548  -0.00000   0.04012
   0.52305  -0.00000  -0.00000   0.65100   0.00000
   0.00000  -0.49773   0.04012   0.00000   0.98617
   occupation matrix (subspace #          67 , spin            1 )
   0.91957  -0.00158  -0.00952   0.51400   0.00011
  -0.00158   0.58767   0.06302   0.01367  -0.48846
  -0.00952   0.06302   1.33339  -0.00744   0.03412
   0.51400   0.01367  -0.00744   0.64563  -0.00411
   0.00011  -0.48846   0.03412  -0.00411   0.98562
   occupation matrix (subspace #          68 , spin            1 )
   0.91751   0.00038  -0.00038   0.52289   0.00085
   0.00038   0.58106   0.05672   0.00042  -0.49739
  -0.00038   0.05672   1.34399   0.00035   0.04005
   0.52289   0.00042   0.00035   0.65185  -0.00029
   0.00085  -0.49739   0.04005  -0.00029   0.98613
   occupation matrix (subspace #          69 , spin            1 )
   0.91783   0.00011   0.00096   0.52286  -0.00060
   0.00011   0.58151   0.05636  -0.00071  -0.49780
   0.00096   0.05636   1.34402  -0.00069   0.03961
   0.52286  -0.00071  -0.00069   0.65166   0.00056
  -0.00060  -0.49780   0.03961   0.00056   0.98543
   occupation matrix (subspace #          70 , spin            1 )
   0.91798   0.00000  -0.00000   0.52305   0.00000
   0.00000   0.58040   0.05680  -0.00000  -0.49773
  -0.00000   0.05680   1.34542  -0.00000   0.04013
   0.52305  -0.00000  -0.00000   0.65103  -0.00000
   0.00000  -0.49773   0.04013  -0.00000   0.98617
   occupation matrix (subspace #          71 , spin            1 )
   0.91799  -0.00000   0.00000   0.52305  -0.00000
  -0.00000   0.58038   0.05680  -0.00000  -0.49773
   0.00000   0.05680   1.34548   0.00000   0.04012
   0.52305  -0.00000   0.00000   0.65100  -0.00000
  -0.00000  -0.49773   0.04012  -0.00000   0.98617
   occupation matrix (subspace #          72 , spin            1 )
   0.91795  -0.00000  -0.00001   0.52304   0.00001
  -0.00000   0.58047   0.05680   0.00002  -0.49771
  -0.00001   0.05680   1.34521   0.00002   0.04015
   0.52304   0.00002   0.00002   0.65115  -0.00000
   0.00001  -0.49771   0.04015  -0.00000   0.98615
   occupation matrix (subspace #          73 , spin            1 )
   0.91798  -0.00000   0.00000   0.52305  -0.00000
  -0.00000   0.58040   0.05680  -0.00000  -0.49773
   0.00000   0.05680   1.34542  -0.00000   0.04013
   0.52305  -0.00000  -0.00000   0.65103   0.00000
  -0.00000  -0.49773   0.04013   0.00000   0.98617
   occupation matrix (subspace #          74 , spin            1 )
   0.91795   0.00000   0.00001   0.52304  -0.00001
   0.00000   0.58047   0.05680  -0.00002  -0.49771
   0.00001   0.05680   1.34521  -0.00002   0.04015
   0.52304  -0.00002  -0.00002   0.65115   0.00000
  -0.00001  -0.49771   0.04015   0.00000   0.98615
   occupation matrix (subspace #          75 , spin            1 )
   0.91799   0.00000  -0.00000   0.52305   0.00000
   0.00000   0.58038   0.05680   0.00000  -0.49773
  -0.00000   0.05680   1.34548   0.00000   0.04012
   0.52305   0.00000   0.00000   0.65100  -0.00000
   0.00000  -0.49773   0.04012  -0.00000   0.98617
   occupation matrix (subspace #          76 , spin            1 )
   0.91783  -0.00011  -0.00096   0.52286   0.00060
  -0.00011   0.58151   0.05636   0.00071  -0.49780
  -0.00096   0.05636   1.34402   0.00069   0.03961
   0.52286   0.00071   0.00069   0.65166  -0.00056
   0.00060  -0.49780   0.03961  -0.00056   0.98543
   occupation matrix (subspace #          77 , spin            1 )
   0.91704   0.00000   0.00000   0.52312  -0.00000
   0.00000   0.58046   0.05749  -0.00000  -0.49729
   0.00000   0.05749   1.34431  -0.00000   0.04111
   0.52312  -0.00000  -0.00000   0.65254   0.00000
  -0.00000  -0.49729   0.04111   0.00000   0.98623
   occupation matrix (subspace #          78 , spin            1 )
   0.91798  -0.00000   0.00000   0.52305  -0.00000
  -0.00000   0.58040   0.05680  -0.00000  -0.49773
   0.00000   0.05680   1.34542  -0.00000   0.04013
   0.52305  -0.00000  -0.00000   0.65103   0.00000
  -0.00000  -0.49773   0.04013   0.00000   0.98617
   occupation matrix (subspace #          79 , spin            1 )
   0.91799  -0.00000  -0.00000   0.52305   0.00000
  -0.00000   0.58038   0.05680   0.00000  -0.49773
  -0.00000   0.05680   1.34548   0.00000   0.04012
   0.52305   0.00000   0.00000   0.65100  -0.00000
   0.00000  -0.49773   0.04012  -0.00000   0.98617
   occupation matrix (subspace #          80 , spin            1 )
   0.91796   0.00000   0.00000   0.52304   0.00000
   0.00000   0.58049   0.05677   0.00000  -0.49771
   0.00000   0.05677   1.34521  -0.00000   0.04013
   0.52304   0.00000  -0.00000   0.65113   0.00000
   0.00000  -0.49771   0.04013   0.00000   0.98614
