   occupation matrix (subspace #           1 , spin            1 )
   0.17797  -0.00019   0.00009  -0.00027  -0.00022
  -0.00019   0.16169   0.00054   0.00007   0.00038
   0.00009   0.00054   0.38010  -0.00068   0.00019
  -0.00027   0.00007  -0.00068   0.16189   0.00002
  -0.00022   0.00038   0.00019   0.00002   0.36634
   occupation matrix (subspace #           2 , spin            1 )
   0.17782   0.00007   0.00006  -0.00004   0.00006
   0.00007   0.16205   0.00003   0.00001   0.00008
   0.00006   0.00003   0.38017   0.00007   0.00001
  -0.00004   0.00001   0.00007   0.16156  -0.00004
   0.00006   0.00008   0.00001  -0.00004   0.36603
   occupation matrix (subspace #           3 , spin            1 )
   0.17778  -0.00000   0.00000  -0.00000  -0.00000
  -0.00000   0.16174   0.00000  -0.00000  -0.00000
   0.00000   0.00000   0.38042  -0.00000   0.00011
  -0.00000  -0.00000  -0.00000   0.16180   0.00001
  -0.00000  -0.00000   0.00011   0.00001   0.36606
   occupation matrix (subspace #           4 , spin            1 )
   0.17786   0.00002  -0.00000   0.00000  -0.00000
   0.00002   0.16198  -0.00000  -0.00000   0.00000
  -0.00000  -0.00000   0.38021   0.00000  -0.00002
   0.00000  -0.00000   0.00000   0.16145   0.00000
  -0.00000   0.00000  -0.00002   0.00000   0.36623
   occupation matrix (subspace #           5 , spin            1 )
   0.17894  -0.00040  -0.00009  -0.00036   0.00073
  -0.00040   0.15998  -0.00219   0.00002  -0.00054
  -0.00009  -0.00219   0.37912  -0.00021   0.00033
  -0.00036   0.00002  -0.00021   0.16294   0.00076
   0.00073  -0.00054   0.00033   0.00076   0.36643
   occupation matrix (subspace #           6 , spin            1 )
   0.17754   0.00033  -0.00055  -0.00012   0.00150
   0.00033   0.16267  -0.00040   0.00012   0.00109
  -0.00055  -0.00040   0.38153   0.00128   0.00054
  -0.00012   0.00012   0.00128   0.15985   0.00044
   0.00150   0.00109   0.00054   0.00044   0.36612
   occupation matrix (subspace #           7 , spin            1 )
   0.17900  -0.00012   0.00000  -0.00000   0.00000
  -0.00012   0.16017   0.00000   0.00000  -0.00000
   0.00000   0.00000   0.38004  -0.00010  -0.00027
  -0.00000   0.00000  -0.00010   0.16314  -0.00053
   0.00000  -0.00000  -0.00027  -0.00053   0.36591
   occupation matrix (subspace #           8 , spin            1 )
   0.17547   0.00110   0.00000   0.00000  -0.00000
   0.00110   0.16046  -0.00000  -0.00000  -0.00000
   0.00000  -0.00000   0.38268  -0.00046   0.00005
   0.00000  -0.00000  -0.00046   0.16263   0.00079
  -0.00000  -0.00000   0.00005   0.00079   0.36548
   occupation matrix (subspace #           9 , spin            1 )
   0.17778  -0.00001  -0.00000   0.00000   0.00001
  -0.00001   0.16184   0.00002  -0.00000   0.00002
  -0.00000   0.00002   0.38045  -0.00003  -0.00011
   0.00000  -0.00000  -0.00003   0.16167   0.00004
   0.00001   0.00002  -0.00011   0.00004   0.36608
   occupation matrix (subspace #          10 , spin            1 )
   0.17778  -0.00000   0.00001  -0.00001   0.00004
  -0.00000   0.16168  -0.00006   0.00000  -0.00012
   0.00001  -0.00006   0.38047  -0.00004   0.00010
  -0.00001   0.00000  -0.00004   0.16180   0.00001
   0.00004  -0.00012   0.00010   0.00001   0.36610
   occupation matrix (subspace #          11 , spin            1 )
   0.17806   0.00000   0.00000  -0.00000   0.00000
   0.00000   0.16200   0.00000   0.00000  -0.00000
   0.00000   0.00000   0.37986   0.00036   0.00046
  -0.00000   0.00000   0.00036   0.16161   0.00004
   0.00000  -0.00000   0.00046   0.00004   0.36663
   occupation matrix (subspace #          12 , spin            1 )
   0.17784  -0.00008  -0.00000   0.00000  -0.00000
  -0.00008   0.16213  -0.00000  -0.00000   0.00000
  -0.00000  -0.00000   0.38023  -0.00006  -0.00002
   0.00000  -0.00000  -0.00006   0.16148   0.00010
  -0.00000   0.00000  -0.00002   0.00010   0.36607
   occupation matrix (subspace #          13 , spin            1 )
   0.17733   0.00056  -0.00000  -0.00000   0.00000
   0.00056   0.16253  -0.00000  -0.00000  -0.00000
  -0.00000  -0.00000   0.38147   0.00138  -0.00084
  -0.00000  -0.00000   0.00138   0.16135  -0.00001
   0.00000  -0.00000  -0.00084  -0.00001   0.36539
   occupation matrix (subspace #          14 , spin            1 )
   0.17772  -0.00037   0.00000   0.00000  -0.00000
  -0.00037   0.16080  -0.00000   0.00000   0.00000
   0.00000  -0.00000   0.38082  -0.00069   0.00016
   0.00000   0.00000  -0.00069   0.16250   0.00103
  -0.00000   0.00000   0.00016   0.00103   0.36625
   occupation matrix (subspace #          15 , spin            1 )
   0.17779  -0.00000  -0.00000   0.00003  -0.00000
  -0.00000   0.16160  -0.00003  -0.00000   0.00003
  -0.00000  -0.00003   0.38044   0.00001   0.00008
   0.00003  -0.00000   0.00001   0.16189  -0.00000
  -0.00000   0.00003   0.00008  -0.00000   0.36609
   occupation matrix (subspace #          16 , spin            1 )
   0.17775  -0.00005   0.00005   0.00007   0.00016
  -0.00005   0.16175   0.00028   0.00000   0.00045
   0.00005   0.00028   0.38057   0.00005  -0.00012
   0.00007   0.00000   0.00005   0.16180   0.00003
   0.00016   0.00045  -0.00012   0.00003   0.36600
   occupation matrix (subspace #          17 , spin            1 )
   0.17692  -0.00112  -0.00000  -0.00000   0.00000
  -0.00112   0.16243  -0.00000   0.00000  -0.00000
  -0.00000  -0.00000   0.37910  -0.00241  -0.00063
  -0.00000   0.00000  -0.00241   0.17300  -0.00112
   0.00000  -0.00000  -0.00063  -0.00112   0.36485
   occupation matrix (subspace #          18 , spin            1 )
   0.17789  -0.00036   0.00000   0.00000  -0.00000
  -0.00036   0.16352  -0.00000   0.00000   0.00000
   0.00000  -0.00000   0.37887  -0.00115  -0.00157
   0.00000   0.00000  -0.00115   0.16175  -0.00091
  -0.00000   0.00000  -0.00157  -0.00091   0.36571
   occupation matrix (subspace #          19 , spin            1 )
   0.17843  -0.00071  -0.00019   0.00136   0.00260
  -0.00071   0.16102   0.00673   0.00256   0.00266
  -0.00019   0.00673   0.37939  -0.00179  -0.00057
   0.00136   0.00256  -0.00179   0.16432   0.00114
   0.00260   0.00266  -0.00057   0.00114   0.36719
   occupation matrix (subspace #          20 , spin            1 )
   0.17823  -0.00023  -0.00125   0.00204   0.00678
  -0.00023   0.16415   0.00033  -0.00016  -0.00310
  -0.00125   0.00033   0.38053   0.00062   0.00112
   0.00204  -0.00016   0.00062   0.15978  -0.00077
   0.00678  -0.00310   0.00112  -0.00077   0.36539
   occupation matrix (subspace #          21 , spin            1 )
   0.17780  -0.00001  -0.00000  -0.00000   0.00000
  -0.00001   0.16188  -0.00000  -0.00000  -0.00000
  -0.00000  -0.00000   0.38043  -0.00002  -0.00011
  -0.00000  -0.00000  -0.00002   0.16162   0.00002
   0.00000  -0.00000  -0.00011   0.00002   0.36609
   occupation matrix (subspace #          22 , spin            1 )
   0.17778   0.00002   0.00000   0.00000  -0.00000
   0.00002   0.16162  -0.00000   0.00000   0.00000
   0.00000  -0.00000   0.38055   0.00002   0.00011
   0.00000   0.00000   0.00002   0.16193  -0.00001
  -0.00000   0.00000   0.00011  -0.00001   0.36604
   occupation matrix (subspace #          23 , spin            1 )
   0.17789  -0.00011   0.00016   0.00057   0.00079
  -0.00011   0.16152  -0.00020   0.00000  -0.00006
   0.00016  -0.00020   0.38077  -0.00018   0.00007
   0.00057   0.00000  -0.00018   0.16191   0.00022
   0.00079  -0.00006   0.00007   0.00022   0.36573
   occupation matrix (subspace #          24 , spin            1 )
   0.17776   0.00004   0.00001   0.00007  -0.00006
   0.00004   0.16173   0.00036  -0.00002  -0.00001
   0.00001   0.00036   0.38055   0.00003  -0.00017
   0.00007  -0.00002   0.00003   0.16179  -0.00010
  -0.00006  -0.00001  -0.00017  -0.00010   0.36609
   occupation matrix (subspace #          25 , spin            1 )
   0.17797  -0.00019  -0.00009   0.00027   0.00022
  -0.00019   0.16169  -0.00054  -0.00007  -0.00038
  -0.00009  -0.00054   0.38010  -0.00068   0.00019
   0.00027  -0.00007  -0.00068   0.16189   0.00002
   0.00022  -0.00038   0.00019   0.00002   0.36634
   occupation matrix (subspace #          26 , spin            1 )
   0.17782   0.00007  -0.00006   0.00004  -0.00006
   0.00007   0.16205  -0.00003  -0.00001  -0.00008
  -0.00006  -0.00003   0.38017   0.00007   0.00001
   0.00004  -0.00001   0.00007   0.16156  -0.00004
  -0.00006  -0.00008   0.00001  -0.00004   0.36603
   occupation matrix (subspace #          27 , spin            1 )
   0.17779  -0.00000   0.00000  -0.00003   0.00000
  -0.00000   0.16160   0.00003   0.00000  -0.00003
   0.00000   0.00003   0.38044   0.00001   0.00008
  -0.00003   0.00000   0.00001   0.16189  -0.00000
   0.00000  -0.00003   0.00008  -0.00000   0.36609
   occupation matrix (subspace #          28 , spin            1 )
   0.17775  -0.00005  -0.00005  -0.00007  -0.00016
  -0.00005   0.16175  -0.00028  -0.00000  -0.00045
  -0.00005  -0.00028   0.38057   0.00005  -0.00012
  -0.00007  -0.00000   0.00005   0.16180   0.00003
  -0.00016  -0.00045  -0.00012   0.00003   0.36600
   occupation matrix (subspace #          29 , spin            1 )
   0.17894  -0.00040   0.00009   0.00036  -0.00073
  -0.00040   0.15998   0.00219  -0.00002   0.00054
   0.00009   0.00219   0.37912  -0.00021   0.00033
   0.00036  -0.00002  -0.00021   0.16294   0.00076
  -0.00073   0.00054   0.00033   0.00076   0.36643
   occupation matrix (subspace #          30 , spin            1 )
   0.17754   0.00033   0.00055   0.00012  -0.00150
   0.00033   0.16267   0.00040  -0.00012  -0.00109
   0.00055   0.00040   0.38153   0.00128   0.00055
   0.00012  -0.00012   0.00128   0.15985   0.00044
  -0.00150  -0.00109   0.00055   0.00044   0.36612
   occupation matrix (subspace #          31 , spin            1 )
   0.17843  -0.00071   0.00019  -0.00136  -0.00260
  -0.00071   0.16102  -0.00673  -0.00256  -0.00266
   0.00019  -0.00673   0.37939  -0.00180  -0.00057
  -0.00136  -0.00256  -0.00180   0.16432   0.00114
  -0.00260  -0.00266  -0.00057   0.00114   0.36719
   occupation matrix (subspace #          32 , spin            1 )
   0.17823  -0.00023   0.00125  -0.00204  -0.00678
  -0.00023   0.16415  -0.00033   0.00016   0.00309
   0.00125  -0.00033   0.38053   0.00062   0.00112
  -0.00204   0.00016   0.00062   0.15978  -0.00077
  -0.00678   0.00309   0.00112  -0.00077   0.36539
   occupation matrix (subspace #          33 , spin            1 )
   0.17778  -0.00001   0.00000  -0.00000  -0.00001
  -0.00001   0.16184  -0.00002   0.00000  -0.00002
   0.00000  -0.00002   0.38045  -0.00003  -0.00011
  -0.00000   0.00000  -0.00003   0.16167   0.00004
  -0.00001  -0.00002  -0.00011   0.00004   0.36608
   occupation matrix (subspace #          34 , spin            1 )
   0.17778  -0.00000  -0.00001   0.00001  -0.00004
  -0.00000   0.16168   0.00006  -0.00000   0.00012
  -0.00001   0.00006   0.38047  -0.00004   0.00010
   0.00001  -0.00000  -0.00004   0.16180   0.00001
  -0.00004   0.00012   0.00010   0.00001   0.36610
   occupation matrix (subspace #          35 , spin            1 )
   0.17789  -0.00011  -0.00016  -0.00057  -0.00079
  -0.00011   0.16152   0.00020  -0.00000   0.00006
  -0.00016   0.00020   0.38077  -0.00018   0.00007
  -0.00057  -0.00000  -0.00018   0.16191   0.00022
  -0.00079   0.00006   0.00007   0.00022   0.36573
   occupation matrix (subspace #          36 , spin            1 )
   0.17776   0.00004  -0.00001  -0.00007   0.00006
   0.00004   0.16173  -0.00036   0.00002   0.00000
  -0.00001  -0.00036   0.38055   0.00003  -0.00017
  -0.00007   0.00002   0.00003   0.16179  -0.00010
   0.00006   0.00000  -0.00017  -0.00010   0.36608
   occupation matrix (subspace #          37 , spin            1 )
   0.17797   0.00019  -0.00009  -0.00027   0.00022
   0.00019   0.16169   0.00054  -0.00007   0.00038
  -0.00009   0.00054   0.38010   0.00068   0.00019
  -0.00027  -0.00007   0.00068   0.16189  -0.00002
   0.00022   0.00038   0.00019  -0.00002   0.36634
   occupation matrix (subspace #          38 , spin            1 )
   0.17780   0.00000   0.00000  -0.00008  -0.00000
   0.00000   0.16182  -0.00014   0.00000  -0.00001
   0.00000  -0.00014   0.38024   0.00000   0.00004
  -0.00008   0.00000   0.00000   0.16171  -0.00000
  -0.00000  -0.00001   0.00004  -0.00000   0.36605
   occupation matrix (subspace #          39 , spin            1 )
   0.17778   0.00000  -0.00000   0.00000  -0.00000
   0.00000   0.16174   0.00000  -0.00000  -0.00000
  -0.00000   0.00000   0.38042   0.00000   0.00011
   0.00000  -0.00000   0.00000   0.16180  -0.00001
  -0.00000  -0.00000   0.00011  -0.00001   0.36606
   occupation matrix (subspace #          40 , spin            1 )
   0.17784  -0.00000   0.00000  -0.00000  -0.00000
  -0.00000   0.16196  -0.00000  -0.00000  -0.00000
   0.00000  -0.00000   0.38026  -0.00000  -0.00006
  -0.00000  -0.00000  -0.00000   0.16150   0.00000
  -0.00000  -0.00000  -0.00006   0.00000   0.36621
   occupation matrix (subspace #          41 , spin            1 )
   0.17894   0.00040   0.00009  -0.00036  -0.00073
   0.00040   0.15998  -0.00219  -0.00002  -0.00054
   0.00009  -0.00219   0.37912   0.00021   0.00033
  -0.00036  -0.00002   0.00021   0.16294  -0.00076
  -0.00073  -0.00054   0.00033  -0.00076   0.36643
   occupation matrix (subspace #          42 , spin            1 )
   0.17510   0.00000  -0.00000  -0.00105   0.00000
   0.00000   0.17177   0.00301   0.00000  -0.01053
  -0.00000   0.00301   0.37784   0.00000  -0.00577
  -0.00105   0.00000   0.00000   0.16440  -0.00000
   0.00000  -0.01053  -0.00577  -0.00000   0.36543
   occupation matrix (subspace #          43 , spin            1 )
   0.17900   0.00012  -0.00000   0.00000  -0.00000
   0.00012   0.16017   0.00000   0.00000  -0.00000
  -0.00000   0.00000   0.38004   0.00010  -0.00027
   0.00000   0.00000   0.00010   0.16314   0.00053
  -0.00000  -0.00000  -0.00027   0.00053   0.36591
   occupation matrix (subspace #          44 , spin            1 )
   0.17403   0.00000   0.00000  -0.00000  -0.00000
   0.00000   0.17844  -0.00000  -0.00000  -0.00000
   0.00000  -0.00000   0.37909  -0.00000  -0.00426
  -0.00000  -0.00000  -0.00000   0.16400   0.00000
  -0.00000  -0.00000  -0.00426   0.00000   0.36090
   occupation matrix (subspace #          45 , spin            1 )
   0.17778   0.00001   0.00000   0.00000  -0.00001
   0.00001   0.16184   0.00002   0.00000   0.00002
   0.00000   0.00002   0.38045   0.00003  -0.00011
   0.00000   0.00000   0.00003   0.16167  -0.00004
  -0.00001   0.00002  -0.00011  -0.00004   0.36608
   occupation matrix (subspace #          46 , spin            1 )
   0.17780   0.00000  -0.00000   0.00002  -0.00000
   0.00000   0.16164  -0.00003   0.00000  -0.00005
  -0.00000  -0.00003   0.38038   0.00000   0.00014
   0.00002   0.00000   0.00000   0.16188  -0.00000
  -0.00000  -0.00005   0.00014  -0.00000   0.36609
   occupation matrix (subspace #          47 , spin            1 )
   0.17806  -0.00000  -0.00000   0.00000  -0.00000
  -0.00000   0.16200   0.00000   0.00000  -0.00000
  -0.00000   0.00000   0.37986  -0.00036   0.00046
   0.00000   0.00000  -0.00036   0.16161  -0.00004
  -0.00000  -0.00000   0.00046  -0.00004   0.36663
   occupation matrix (subspace #          48 , spin            1 )
   0.17778  -0.00000   0.00000  -0.00000  -0.00000
  -0.00000   0.16205  -0.00000  -0.00000  -0.00000
   0.00000  -0.00000   0.38035  -0.00000  -0.00002
  -0.00000  -0.00000  -0.00000   0.16151   0.00000
  -0.00000  -0.00000  -0.00002   0.00000   0.36603
   occupation matrix (subspace #          49 , spin            1 )
   0.17733  -0.00056   0.00000   0.00000   0.00000
  -0.00056   0.16253  -0.00000  -0.00000  -0.00000
   0.00000  -0.00000   0.38147  -0.00138  -0.00084
   0.00000  -0.00000  -0.00138   0.16135   0.00001
   0.00000  -0.00000  -0.00084   0.00001   0.36539
   occupation matrix (subspace #          50 , spin            1 )
   0.17752   0.00000  -0.00000  -0.00000  -0.00000
   0.00000   0.16190  -0.00000   0.00000  -0.00000
  -0.00000  -0.00000   0.38150   0.00000   0.00018
  -0.00000   0.00000   0.00000   0.16171  -0.00000
  -0.00000  -0.00000   0.00018  -0.00000   0.36585
   occupation matrix (subspace #          51 , spin            1 )
   0.17779   0.00000   0.00000   0.00003   0.00000
   0.00000   0.16160  -0.00003   0.00000   0.00003
   0.00000  -0.00003   0.38044  -0.00001   0.00008
   0.00003   0.00000  -0.00001   0.16189   0.00000
   0.00000   0.00003   0.00008   0.00000   0.36609
   occupation matrix (subspace #          52 , spin            1 )
   0.17775  -0.00000   0.00000   0.00001  -0.00000
  -0.00000   0.16180   0.00021   0.00000   0.00031
   0.00000   0.00021   0.38051  -0.00000  -0.00006
   0.00001   0.00000  -0.00000   0.16170   0.00000
  -0.00000   0.00031  -0.00006   0.00000   0.36602
   occupation matrix (subspace #          53 , spin            1 )
   0.17692   0.00112  -0.00000   0.00000  -0.00000
   0.00112   0.16243  -0.00000  -0.00000   0.00000
  -0.00000  -0.00000   0.37910   0.00241  -0.00063
   0.00000  -0.00000   0.00241   0.17300   0.00112
  -0.00000   0.00000  -0.00063   0.00112   0.36485
   occupation matrix (subspace #          54 , spin            1 )
   0.15883   0.00000  -0.00000  -0.00000   0.00000
   0.00000   0.15612   0.00000   0.00000   0.00000
  -0.00000   0.00000   0.60834  -0.00000   0.12045
  -0.00000   0.00000  -0.00000   0.10623   0.00000
   0.00000   0.00000   0.12045   0.00000   0.38704
   occupation matrix (subspace #          55 , spin            1 )
   0.17843   0.00071   0.00019   0.00136  -0.00260
   0.00071   0.16102   0.00673  -0.00256   0.00266
   0.00019   0.00673   0.37939   0.00179  -0.00057
   0.00136  -0.00256   0.00179   0.16432  -0.00114
  -0.00260   0.00266  -0.00057  -0.00114   0.36719
   occupation matrix (subspace #          56 , spin            1 )
   0.14518  -0.00000   0.00000   0.01002   0.00000
  -0.00000   0.27894  -0.09184  -0.00000  -0.12932
   0.00000  -0.09184   0.40659  -0.00000   0.07196
   0.01002  -0.00000  -0.00000   0.15034   0.00000
   0.00000  -0.12932   0.07196   0.00000   0.44253
   occupation matrix (subspace #          57 , spin            1 )
   0.17780   0.00001  -0.00000  -0.00000   0.00000
   0.00001   0.16188  -0.00000  -0.00000  -0.00000
  -0.00000  -0.00000   0.38043   0.00002  -0.00011
  -0.00000  -0.00000   0.00002   0.16162  -0.00002
   0.00000  -0.00000  -0.00011  -0.00002   0.36609
   occupation matrix (subspace #          58 , spin            1 )
   0.17779  -0.00000   0.00000   0.00000  -0.00000
  -0.00000   0.16159  -0.00000   0.00000   0.00000
   0.00000  -0.00000   0.38048  -0.00000   0.00015
   0.00000   0.00000  -0.00000   0.16189   0.00000
  -0.00000   0.00000   0.00015   0.00000   0.36606
   occupation matrix (subspace #          59 , spin            1 )
   0.17789   0.00011  -0.00016   0.00057  -0.00079
   0.00011   0.16152  -0.00020  -0.00000  -0.00006
  -0.00016  -0.00020   0.38077   0.00018   0.00007
   0.00057  -0.00000   0.00018   0.16191  -0.00022
  -0.00079  -0.00006   0.00007  -0.00022   0.36573
   occupation matrix (subspace #          60 , spin            1 )
   0.17772   0.00000  -0.00000  -0.00003  -0.00000
   0.00000   0.16194  -0.00012   0.00000   0.00002
  -0.00000  -0.00012   0.38071   0.00000  -0.00019
  -0.00003   0.00000   0.00000   0.16152  -0.00000
  -0.00000   0.00002  -0.00019  -0.00000   0.36604
   occupation matrix (subspace #          61 , spin            1 )
   0.17797   0.00019   0.00009   0.00027  -0.00022
   0.00019   0.16169  -0.00054   0.00007  -0.00038
   0.00009  -0.00054   0.38011   0.00068   0.00019
   0.00027   0.00007   0.00068   0.16189  -0.00002
  -0.00022  -0.00038   0.00019  -0.00002   0.36634
   occupation matrix (subspace #          62 , spin            1 )
   0.17780   0.00000   0.00000   0.00008   0.00000
   0.00000   0.16182   0.00014  -0.00000   0.00001
   0.00000   0.00014   0.38024  -0.00000   0.00004
   0.00008  -0.00000  -0.00000   0.16171   0.00000
   0.00000   0.00001   0.00004   0.00000   0.36605
   occupation matrix (subspace #          63 , spin            1 )
   0.17779   0.00000  -0.00000  -0.00003  -0.00000
   0.00000   0.16160   0.00003  -0.00000  -0.00003
  -0.00000   0.00003   0.38044  -0.00001   0.00008
  -0.00003  -0.00000  -0.00001   0.16189   0.00000
  -0.00000  -0.00003   0.00008   0.00000   0.36609
   occupation matrix (subspace #          64 , spin            1 )
   0.17775   0.00000  -0.00000  -0.00001  -0.00000
   0.00000   0.16180  -0.00021   0.00000  -0.00031
  -0.00000  -0.00021   0.38052   0.00000  -0.00006
  -0.00001   0.00000   0.00000   0.16170  -0.00000
  -0.00000  -0.00031  -0.00006  -0.00000   0.36602
   occupation matrix (subspace #          65 , spin            1 )
   0.17894   0.00040  -0.00009   0.00036   0.00073
   0.00040   0.15998   0.00219   0.00002   0.00054
  -0.00009   0.00219   0.37912   0.00021   0.00033
   0.00036   0.00002   0.00021   0.16294  -0.00076
   0.00073   0.00054   0.00033  -0.00076   0.36643
   occupation matrix (subspace #          66 , spin            1 )
   0.17510  -0.00000   0.00000   0.00105   0.00000
  -0.00000   0.17177  -0.00301  -0.00000   0.01052
   0.00000  -0.00301   0.37784  -0.00000  -0.00577
   0.00105  -0.00000  -0.00000   0.16440   0.00000
   0.00000   0.01052  -0.00577   0.00000   0.36543
   occupation matrix (subspace #          67 , spin            1 )
   0.17843   0.00071  -0.00019  -0.00136   0.00260
   0.00071   0.16102  -0.00673   0.00256  -0.00266
  -0.00019  -0.00673   0.37939   0.00180  -0.00057
  -0.00136   0.00256   0.00180   0.16432  -0.00114
   0.00260  -0.00266  -0.00057  -0.00114   0.36719
   occupation matrix (subspace #          68 , spin            1 )
   0.14518   0.00000   0.00000  -0.01002  -0.00000
   0.00000   0.27894   0.09184  -0.00000   0.12932
   0.00000   0.09184   0.40659   0.00000   0.07196
  -0.01002  -0.00000   0.00000   0.15034  -0.00000
  -0.00000   0.12932   0.07196  -0.00000   0.44253
   occupation matrix (subspace #          69 , spin            1 )
   0.17778   0.00001  -0.00000  -0.00000   0.00001
   0.00001   0.16184  -0.00002  -0.00000  -0.00002
  -0.00000  -0.00002   0.38045   0.00003  -0.00011
  -0.00000  -0.00000   0.00003   0.16167  -0.00004
   0.00001  -0.00002  -0.00011  -0.00004   0.36608
   occupation matrix (subspace #          70 , spin            1 )
   0.17780  -0.00000   0.00000  -0.00002   0.00000
  -0.00000   0.16164   0.00003  -0.00000   0.00004
   0.00000   0.00003   0.38038  -0.00000   0.00014
  -0.00002  -0.00000  -0.00000   0.16188   0.00000
   0.00000   0.00004   0.00014   0.00000   0.36610
   occupation matrix (subspace #          71 , spin            1 )
   0.17789   0.00011   0.00016  -0.00057   0.00079
   0.00011   0.16152   0.00020   0.00000   0.00006
   0.00016   0.00020   0.38077   0.00018   0.00007
  -0.00057   0.00000   0.00018   0.16191  -0.00022
   0.00079   0.00006   0.00007  -0.00022   0.36574
   occupation matrix (subspace #          72 , spin            1 )
   0.17772   0.00000   0.00000   0.00003  -0.00000
   0.00000   0.16194   0.00012   0.00000  -0.00002
   0.00000   0.00012   0.38071   0.00000  -0.00019
   0.00003   0.00000   0.00000   0.16152  -0.00000
  -0.00000  -0.00002  -0.00019  -0.00000   0.36604
   occupation matrix (subspace #          73 , spin            1 )
   0.17785  -0.00000  -0.00000   0.00005  -0.00000
  -0.00000   0.16184   0.00006   0.00000   0.00029
  -0.00000   0.00006   0.38013  -0.00000  -0.00004
   0.00005   0.00000  -0.00000   0.16179   0.00000
  -0.00000   0.00029  -0.00004   0.00000   0.36609
   occupation matrix (subspace #          74 , spin            1 )
   0.17782  -0.00007  -0.00006  -0.00004  -0.00006
  -0.00007   0.16205   0.00003  -0.00001   0.00008
  -0.00006   0.00003   0.38017  -0.00007   0.00001
  -0.00004  -0.00001  -0.00007   0.16156   0.00004
  -0.00006   0.00008   0.00001   0.00004   0.36603
   occupation matrix (subspace #          75 , spin            1 )
   0.17778   0.00000  -0.00000  -0.00000   0.00000
   0.00000   0.16168  -0.00000  -0.00000  -0.00000
  -0.00000  -0.00000   0.38042   0.00000   0.00012
  -0.00000  -0.00000   0.00000   0.16184  -0.00000
   0.00000  -0.00000   0.00012  -0.00000   0.36607
   occupation matrix (subspace #          76 , spin            1 )
   0.17786  -0.00002  -0.00000   0.00000  -0.00000
  -0.00002   0.16198  -0.00000  -0.00000  -0.00000
  -0.00000  -0.00000   0.38021  -0.00000  -0.00002
   0.00000  -0.00000  -0.00000   0.16145  -0.00000
  -0.00000  -0.00000  -0.00002  -0.00000   0.36623
   occupation matrix (subspace #          77 , spin            1 )
   0.17804  -0.00000  -0.00000  -0.00014  -0.00000
  -0.00000   0.16283  -0.00050   0.00000  -0.00012
  -0.00000  -0.00050   0.37983  -0.00000   0.00030
  -0.00014   0.00000  -0.00000   0.16111   0.00000
  -0.00000  -0.00012   0.00030   0.00000   0.36576
   occupation matrix (subspace #          78 , spin            1 )
   0.17754  -0.00033   0.00055  -0.00012  -0.00150
  -0.00033   0.16267  -0.00040  -0.00012   0.00109
   0.00055  -0.00040   0.38153  -0.00128   0.00054
  -0.00012  -0.00012  -0.00128   0.15985  -0.00044
  -0.00150   0.00109   0.00054  -0.00044   0.36612
   occupation matrix (subspace #          79 , spin            1 )
   0.17863   0.00000   0.00000  -0.00000   0.00000
   0.00000   0.16169  -0.00000   0.00000  -0.00000
   0.00000  -0.00000   0.37973   0.00000   0.00018
  -0.00000   0.00000   0.00000   0.16109  -0.00000
   0.00000  -0.00000   0.00018  -0.00000   0.36636
   occupation matrix (subspace #          80 , spin            1 )
   0.17547  -0.00110  -0.00000   0.00000   0.00000
  -0.00110   0.16046  -0.00000  -0.00000   0.00000
  -0.00000  -0.00000   0.38268   0.00046   0.00005
   0.00000  -0.00000   0.00046   0.16263  -0.00079
   0.00000   0.00000   0.00005  -0.00079   0.36549
   occupation matrix (subspace #          81 , spin            1 )
   0.17776  -0.00000  -0.00000  -0.00001  -0.00000
  -0.00000   0.16185   0.00003  -0.00000   0.00001
  -0.00000   0.00003   0.38049   0.00000  -0.00008
  -0.00001  -0.00000   0.00000   0.16166   0.00000
  -0.00000   0.00001  -0.00008   0.00000   0.36606
   occupation matrix (subspace #          82 , spin            1 )
   0.17778   0.00000  -0.00001  -0.00001  -0.00004
   0.00000   0.16168  -0.00006  -0.00000  -0.00012
  -0.00001  -0.00006   0.38047   0.00004   0.00010
  -0.00001  -0.00000   0.00004   0.16180  -0.00001
  -0.00004  -0.00012   0.00010  -0.00001   0.36610
   occupation matrix (subspace #          83 , spin            1 )
   0.17812   0.00000  -0.00000  -0.00000   0.00000
   0.00000   0.16248  -0.00000   0.00000  -0.00000
  -0.00000  -0.00000   0.37971  -0.00000   0.00036
  -0.00000   0.00000  -0.00000   0.16087  -0.00000
   0.00000  -0.00000   0.00036  -0.00000   0.36661
   occupation matrix (subspace #          84 , spin            1 )
   0.17784   0.00008  -0.00000   0.00000   0.00000
   0.00008   0.16213  -0.00000  -0.00000   0.00000
  -0.00000  -0.00000   0.38023   0.00006  -0.00002
   0.00000  -0.00000   0.00006   0.16148  -0.00010
   0.00000   0.00000  -0.00002  -0.00010   0.36607
   occupation matrix (subspace #          85 , spin            1 )
   0.17807  -0.00000  -0.00000  -0.00000  -0.00000
  -0.00000   0.16063  -0.00000  -0.00000  -0.00000
  -0.00000  -0.00000   0.37929  -0.00000   0.00034
  -0.00000  -0.00000  -0.00000   0.16277   0.00000
  -0.00000  -0.00000   0.00034   0.00000   0.36620
   occupation matrix (subspace #          86 , spin            1 )
   0.17772   0.00037   0.00000   0.00000  -0.00000
   0.00037   0.16080  -0.00000   0.00000   0.00000
   0.00000  -0.00000   0.38082   0.00069   0.00016
   0.00000   0.00000   0.00069   0.16250  -0.00103
  -0.00000   0.00000   0.00016  -0.00103   0.36625
   occupation matrix (subspace #          87 , spin            1 )
   0.17775   0.00000  -0.00000   0.00002  -0.00000
   0.00000   0.16171  -0.00009  -0.00000   0.00005
  -0.00000  -0.00009   0.38048   0.00000   0.00009
   0.00002  -0.00000   0.00000   0.16179  -0.00000
  -0.00000   0.00005   0.00009  -0.00000   0.36606
   occupation matrix (subspace #          88 , spin            1 )
   0.17775   0.00005  -0.00005   0.00007  -0.00016
   0.00005   0.16175   0.00028  -0.00000   0.00045
  -0.00005   0.00028   0.38057  -0.00005  -0.00012
   0.00007  -0.00000  -0.00005   0.16180  -0.00003
  -0.00016   0.00045  -0.00012  -0.00003   0.36600
   occupation matrix (subspace #          89 , spin            1 )
   0.17772  -0.00000  -0.00000  -0.00000   0.00000
  -0.00000   0.15904  -0.00000  -0.00000  -0.00000
  -0.00000  -0.00000   0.38124  -0.00000  -0.00196
  -0.00000  -0.00000  -0.00000   0.16379   0.00000
   0.00000  -0.00000  -0.00196   0.00000   0.36784
   occupation matrix (subspace #          90 , spin            1 )
   0.17789   0.00036   0.00000   0.00000  -0.00000
   0.00036   0.16352  -0.00000   0.00000   0.00000
   0.00000  -0.00000   0.37887   0.00115  -0.00157
   0.00000   0.00000   0.00115   0.16175   0.00091
  -0.00000   0.00000  -0.00157   0.00091   0.36571
   occupation matrix (subspace #          91 , spin            1 )
   0.17758   0.00000  -0.00000   0.00041   0.00000
   0.00000   0.16237  -0.00040  -0.00000  -0.00096
  -0.00000  -0.00040   0.38106   0.00000  -0.00027
   0.00041  -0.00000   0.00000   0.16151  -0.00000
   0.00000  -0.00096  -0.00027  -0.00000   0.36560
   occupation matrix (subspace #          92 , spin            1 )
   0.17823   0.00023   0.00125   0.00204  -0.00678
   0.00023   0.16415   0.00033   0.00016  -0.00310
   0.00125   0.00033   0.38053  -0.00062   0.00112
   0.00204   0.00016  -0.00062   0.15978   0.00077
  -0.00678  -0.00310   0.00112   0.00077   0.36540
   occupation matrix (subspace #          93 , spin            1 )
   0.17780  -0.00000  -0.00000  -0.00000   0.00000
  -0.00000   0.16192  -0.00000  -0.00000  -0.00000
  -0.00000  -0.00000   0.38042  -0.00000  -0.00010
  -0.00000  -0.00000  -0.00000   0.16159   0.00000
   0.00000  -0.00000  -0.00010   0.00000   0.36608
   occupation matrix (subspace #          94 , spin            1 )
   0.17778  -0.00002   0.00000   0.00000  -0.00000
  -0.00002   0.16162  -0.00000   0.00000   0.00000
   0.00000  -0.00000   0.38055  -0.00002   0.00011
   0.00000   0.00000  -0.00002   0.16193   0.00001
  -0.00000   0.00000   0.00011   0.00001   0.36604
   occupation matrix (subspace #          95 , spin            1 )
   0.17780   0.00000  -0.00000   0.00012   0.00000
   0.00000   0.16108  -0.00049  -0.00000  -0.00100
  -0.00000  -0.00049   0.38052   0.00000  -0.00013
   0.00012  -0.00000   0.00000   0.16254  -0.00000
   0.00000  -0.00100  -0.00013  -0.00000   0.36585
   occupation matrix (subspace #          96 , spin            1 )
   0.17776  -0.00004  -0.00001   0.00007   0.00006
  -0.00004   0.16173   0.00036   0.00002  -0.00001
  -0.00001   0.00036   0.38055  -0.00003  -0.00017
   0.00007   0.00002  -0.00003   0.16179   0.00010
   0.00006  -0.00001  -0.00017   0.00010   0.36609
   occupation matrix (subspace #          97 , spin            1 )
   0.17785  -0.00000   0.00000  -0.00005   0.00000
  -0.00000   0.16184  -0.00006   0.00000  -0.00029
   0.00000  -0.00006   0.38013  -0.00000  -0.00004
  -0.00005   0.00000  -0.00000   0.16179   0.00000
   0.00000  -0.00029  -0.00004   0.00000   0.36609
   occupation matrix (subspace #          98 , spin            1 )
   0.17782  -0.00007   0.00006   0.00004   0.00006
  -0.00007   0.16205  -0.00003   0.00001  -0.00008
   0.00006  -0.00003   0.38017  -0.00007   0.00001
   0.00004   0.00001  -0.00007   0.16156   0.00004
   0.00006  -0.00008   0.00001   0.00004   0.36603
   occupation matrix (subspace #          99 , spin            1 )
   0.17775   0.00000  -0.00000  -0.00002  -0.00000
   0.00000   0.16171   0.00009  -0.00000  -0.00005
  -0.00000   0.00009   0.38048   0.00000   0.00009
  -0.00002  -0.00000   0.00000   0.16179  -0.00000
  -0.00000  -0.00005   0.00009  -0.00000   0.36606
   occupation matrix (subspace #         100 , spin            1 )
   0.17775   0.00005   0.00005  -0.00007   0.00016
   0.00005   0.16175  -0.00028   0.00000  -0.00045
   0.00005  -0.00028   0.38057  -0.00005  -0.00012
  -0.00007   0.00000  -0.00005   0.16180  -0.00003
   0.00016  -0.00045  -0.00012  -0.00003   0.36600
   occupation matrix (subspace #         101 , spin            1 )
   0.17804  -0.00000   0.00000   0.00014   0.00000
  -0.00000   0.16283   0.00050   0.00000   0.00012
   0.00000   0.00050   0.37983  -0.00000   0.00030
   0.00014   0.00000  -0.00000   0.16111   0.00000
   0.00000   0.00012   0.00030   0.00000   0.36576
   occupation matrix (subspace #         102 , spin            1 )
   0.17754  -0.00033  -0.00055   0.00012   0.00150
  -0.00033   0.16267   0.00040   0.00012  -0.00109
  -0.00055   0.00040   0.38153  -0.00128   0.00055
   0.00012   0.00012  -0.00128   0.15985  -0.00044
   0.00150  -0.00109   0.00055  -0.00044   0.36612
   occupation matrix (subspace #         103 , spin            1 )
   0.17758   0.00000  -0.00000  -0.00041  -0.00000
   0.00000   0.16237   0.00040  -0.00000   0.00096
  -0.00000   0.00040   0.38106   0.00000  -0.00027
  -0.00041  -0.00000   0.00000   0.16151  -0.00000
  -0.00000   0.00096  -0.00027  -0.00000   0.36560
   occupation matrix (subspace #         104 , spin            1 )
   0.17823   0.00023  -0.00125  -0.00204   0.00678
   0.00023   0.16415  -0.00033  -0.00016   0.00309
  -0.00125  -0.00033   0.38053  -0.00062   0.00112
  -0.00204  -0.00016  -0.00062   0.15978   0.00077
   0.00678   0.00309   0.00112   0.00077   0.36539
   occupation matrix (subspace #         105 , spin            1 )
   0.17776  -0.00000  -0.00000   0.00001  -0.00000
  -0.00000   0.16185  -0.00003  -0.00000  -0.00001
  -0.00000  -0.00003   0.38049  -0.00000  -0.00008
   0.00001  -0.00000  -0.00000   0.16166   0.00000
  -0.00000  -0.00001  -0.00008   0.00000   0.36606
   occupation matrix (subspace #         106 , spin            1 )
   0.17778   0.00000   0.00001   0.00001   0.00004
   0.00000   0.16168   0.00006   0.00000   0.00012
   0.00001   0.00006   0.38047   0.00004   0.00010
   0.00001   0.00000   0.00004   0.16180  -0.00001
   0.00004   0.00012   0.00010  -0.00001   0.36610
   occupation matrix (subspace #         107 , spin            1 )
   0.17780   0.00000  -0.00000  -0.00012   0.00000
   0.00000   0.16108   0.00049  -0.00000   0.00100
  -0.00000   0.00049   0.38052   0.00000  -0.00013
  -0.00012  -0.00000   0.00000   0.16254  -0.00000
   0.00000   0.00100  -0.00013  -0.00000   0.36585
   occupation matrix (subspace #         108 , spin            1 )
   0.17776  -0.00004   0.00001  -0.00007  -0.00006
  -0.00004   0.16173  -0.00036  -0.00002   0.00000
   0.00001  -0.00036   0.38055  -0.00003  -0.00017
  -0.00007  -0.00002  -0.00003   0.16179   0.00010
  -0.00006   0.00000  -0.00017   0.00010   0.36609
