   occupation matrix (subspace #           1 , spin            1 )
   1.48274   0.00000  -0.00000   0.82065   0.00000
   0.00000   0.97394   0.12595   0.00000  -0.76856
  -0.00000   0.12595   2.14080   0.00000   0.08709
   0.82065   0.00000   0.00000   1.13603  -0.00000
   0.00000  -0.76856   0.08709  -0.00000   1.65189
   occupation matrix (subspace #           2 , spin            1 )
   1.48274  -0.00000   0.00000   0.82065  -0.00000
  -0.00000   0.97394   0.12595  -0.00000  -0.76856
   0.00000   0.12595   2.14080  -0.00000   0.08709
   0.82065  -0.00000  -0.00000   1.13603   0.00000
  -0.00000  -0.76856   0.08709   0.00000   1.65189
   occupation matrix (subspace #           3 , spin            1 )
   1.48274  -0.00000   0.00000   0.82065  -0.00000
  -0.00000   0.97394   0.12595  -0.00000  -0.76856
   0.00000   0.12595   2.14080  -0.00000   0.08709
   0.82065  -0.00000  -0.00000   1.13603   0.00000
  -0.00000  -0.76856   0.08709   0.00000   1.65189
   occupation matrix (subspace #           4 , spin            1 )
   1.65750  -0.00976  -0.00000
  -0.00976   1.80853  -0.00000
  -0.00000  -0.00000   1.65587
   occupation matrix (subspace #           5 , spin            1 )
   1.65750  -0.00976   0.00000
  -0.00976   1.80853   0.00000
   0.00000   0.00000   1.65587
   occupation matrix (subspace #           6 , spin            1 )
   1.65750  -0.00976  -0.00000
  -0.00976   1.80853  -0.00000
  -0.00000  -0.00000   1.65587
   occupation matrix (subspace #           7 , spin            1 )
   1.65750  -0.00976   0.00000
  -0.00976   1.80853   0.00000
   0.00000   0.00000   1.65587
   occupation matrix (subspace #           8 , spin            1 )
   1.65750  -0.00976  -0.00000
  -0.00976   1.80853  -0.00000
  -0.00000  -0.00000   1.65587
   occupation matrix (subspace #           9 , spin            1 )
   1.65750  -0.00976   0.00000
  -0.00976   1.80853   0.00000
   0.00000   0.00000   1.65587
