   occupation matrix (subspace #           1 , spin            1 )
   0.91799  -0.00000  -0.00000   0.52305   0.00000
  -0.00000   0.58039   0.05680   0.00000  -0.49772
  -0.00000   0.05680   1.34542   0.00000   0.04013
   0.52305   0.00000   0.00000   0.65103  -0.00000
   0.00000  -0.49772   0.04013  -0.00000   0.98617
   occupation matrix (subspace #           2 , spin            1 )
   0.91793   0.00001  -0.00001   0.52303   0.00003
   0.00001   0.58052   0.05677   0.00001  -0.49771
  -0.00001   0.05677   1.34519   0.00001   0.04013
   0.52303   0.00001   0.00001   0.65117  -0.00002
   0.00003  -0.49771   0.04013  -0.00002   0.98612
   occupation matrix (subspace #           3 , spin            1 )
   0.91799  -0.00000   0.00000   0.52305  -0.00000
  -0.00000   0.58037   0.05680  -0.00000  -0.49773
   0.00000   0.05680   1.34547  -0.00000   0.04012
   0.52305  -0.00000  -0.00000   0.65100   0.00000
  -0.00000  -0.49773   0.04012   0.00000   0.98618
   occupation matrix (subspace #           4 , spin            1 )
   0.91933   0.00146   0.00986   0.51411  -0.00050
   0.00146   0.58739   0.06302  -0.01372  -0.48853
   0.00986   0.06302   1.33338   0.00691   0.03429
   0.51411  -0.01372   0.00691   0.64593   0.00414
  -0.00050  -0.48853   0.03429   0.00414   0.98596
   occupation matrix (subspace #           5 , spin            1 )
   0.91813   0.00001   0.00115   0.52273  -0.00150
   0.00001   0.58174   0.05598  -0.00141  -0.49764
   0.00115   0.05598   1.34273  -0.00166   0.04005
   0.52273  -0.00141  -0.00166   0.65206   0.00088
  -0.00150  -0.49764   0.04005   0.00088   0.98544
   occupation matrix (subspace #           6 , spin            1 )
   0.91813   0.00001   0.00115   0.52273  -0.00150
   0.00001   0.58174   0.05598  -0.00141  -0.49764
   0.00115   0.05598   1.34273  -0.00166   0.04005
   0.52273  -0.00141  -0.00166   0.65206   0.00088
  -0.00150  -0.49764   0.04005   0.00088   0.98544
   occupation matrix (subspace #           7 , spin            1 )
   0.91798  -0.00000  -0.00000   0.52305   0.00000
  -0.00000   0.58039   0.05680   0.00000  -0.49772
  -0.00000   0.05680   1.34542   0.00000   0.04013
   0.52305   0.00000   0.00000   0.65103  -0.00000
   0.00000  -0.49772   0.04013  -0.00000   0.98617
   occupation matrix (subspace #           8 , spin            1 )
   0.91799   0.00000   0.00000   0.52305  -0.00000
   0.00000   0.58037   0.05680  -0.00000  -0.49773
   0.00000   0.05680   1.34547  -0.00000   0.04012
   0.52305  -0.00000  -0.00000   0.65100   0.00000
  -0.00000  -0.49773   0.04012   0.00000   0.98618
   occupation matrix (subspace #           9 , spin            1 )
   0.91793   0.00001  -0.00001   0.52303   0.00003
   0.00001   0.58052   0.05677   0.00001  -0.49771
  -0.00001   0.05677   1.34519   0.00001   0.04013
   0.52303   0.00001   0.00001   0.65117  -0.00002
   0.00003  -0.49771   0.04013  -0.00002   0.98612
   occupation matrix (subspace #          10 , spin            1 )
   0.91798  -0.00000  -0.00000   0.52305   0.00000
  -0.00000   0.58039   0.05680   0.00000  -0.49772
  -0.00000   0.05680   1.34541   0.00000   0.04013
   0.52305   0.00000   0.00000   0.65103  -0.00000
   0.00000  -0.49772   0.04013  -0.00000   0.98617
   occupation matrix (subspace #          11 , spin            1 )
   0.91797   0.00000  -0.00004   0.52303   0.00006
   0.00000   0.58051   0.05676   0.00006  -0.49772
  -0.00004   0.05676   1.34521   0.00005   0.04013
   0.52303   0.00006   0.00005   0.65114  -0.00003
   0.00006  -0.49772   0.04013  -0.00003   0.98611
   occupation matrix (subspace #          12 , spin            1 )
   0.91799   0.00000   0.00000   0.52305  -0.00000
   0.00000   0.58037   0.05680  -0.00000  -0.49773
   0.00000   0.05680   1.34547  -0.00000   0.04012
   0.52305  -0.00000  -0.00000   0.65100   0.00000
  -0.00000  -0.49773   0.04012   0.00000   0.98618
   occupation matrix (subspace #          13 , spin            1 )
   0.91517  -0.00000  -0.00000   0.52247   0.00000
  -0.00000   0.58509   0.05746   0.00000  -0.49671
  -0.00000   0.05746   1.33053   0.00000   0.04081
   0.52247   0.00000   0.00000   0.65934  -0.00000
   0.00000  -0.49671   0.04081  -0.00000   0.98625
   occupation matrix (subspace #          14 , spin            1 )
   0.91747  -0.00038   0.00070   0.52289  -0.00115
  -0.00038   0.58107   0.05681  -0.00072  -0.49737
   0.00070   0.05681   1.34392  -0.00074   0.04013
   0.52289  -0.00072  -0.00074   0.65194   0.00046
  -0.00115  -0.49737   0.04013   0.00046   0.98614
   occupation matrix (subspace #          15 , spin            1 )
   0.91608  -0.00000  -0.00000   0.52308   0.00000
  -0.00000   0.58065   0.05882  -0.00000  -0.49675
  -0.00000   0.05882   1.34171   0.00000   0.04086
   0.52308  -0.00000   0.00000   0.65410  -0.00000
   0.00000  -0.49675   0.04086  -0.00000   0.98743
   occupation matrix (subspace #          16 , spin            1 )
   0.91799  -0.00000  -0.00000   0.52305   0.00000
  -0.00000   0.58039   0.05680   0.00000  -0.49772
  -0.00000   0.05680   1.34542   0.00000   0.04013
   0.52305   0.00000   0.00000   0.65103  -0.00000
   0.00000  -0.49772   0.04013  -0.00000   0.98617
   occupation matrix (subspace #          17 , spin            1 )
   0.91799   0.00000   0.00000   0.52305  -0.00000
   0.00000   0.58037   0.05680  -0.00000  -0.49773
   0.00000   0.05680   1.34547  -0.00000   0.04012
   0.52305  -0.00000  -0.00000   0.65100   0.00000
  -0.00000  -0.49773   0.04012   0.00000   0.98618
   occupation matrix (subspace #          18 , spin            1 )
   0.91794  -0.00000   0.00000   0.52303  -0.00000
  -0.00000   0.58052   0.05678  -0.00000  -0.49772
   0.00000   0.05678   1.34519  -0.00000   0.04014
   0.52303  -0.00000  -0.00000   0.65118  -0.00000
  -0.00000  -0.49772   0.04014  -0.00000   0.98610
   occupation matrix (subspace #          19 , spin            1 )
   0.91799  -0.00000  -0.00000   0.52305   0.00000
  -0.00000   0.58039   0.05680   0.00000  -0.49772
  -0.00000   0.05680   1.34542   0.00000   0.04013
   0.52305   0.00000   0.00000   0.65103  -0.00000
   0.00000  -0.49772   0.04013  -0.00000   0.98617
   occupation matrix (subspace #          20 , spin            1 )
   0.91794   0.00000   0.00000   0.52303  -0.00000
   0.00000   0.58052   0.05678  -0.00000  -0.49772
   0.00000   0.05678   1.34519  -0.00000   0.04014
   0.52303  -0.00000  -0.00000   0.65118   0.00000
  -0.00000  -0.49772   0.04014   0.00000   0.98610
   occupation matrix (subspace #          21 , spin            1 )
   0.91799   0.00000   0.00000   0.52305  -0.00000
   0.00000   0.58037   0.05680  -0.00000  -0.49773
   0.00000   0.05680   1.34547  -0.00000   0.04012
   0.52305  -0.00000  -0.00000   0.65100   0.00000
  -0.00000  -0.49773   0.04012   0.00000   0.98618
   occupation matrix (subspace #          22 , spin            1 )
   0.91908  -0.00000   0.00000   0.51496  -0.00000
  -0.00000   0.56463   0.04578  -0.00000  -0.48029
   0.00000   0.04578   1.32988  -0.00000   0.05766
   0.51496  -0.00000  -0.00000   0.67364   0.00000
  -0.00000  -0.48029   0.05766   0.00000   0.98194
   occupation matrix (subspace #          23 , spin            1 )
   0.91608   0.00000  -0.00000   0.52308   0.00000
   0.00000   0.58065   0.05882   0.00000  -0.49675
  -0.00000   0.05882   1.34171   0.00000   0.04086
   0.52308   0.00000   0.00000   0.65410  -0.00000
   0.00000  -0.49675   0.04086  -0.00000   0.98743
   occupation matrix (subspace #          24 , spin            1 )
   0.91747  -0.00038   0.00070   0.52289  -0.00115
  -0.00038   0.58107   0.05681  -0.00072  -0.49737
   0.00070   0.05681   1.34392  -0.00074   0.04013
   0.52289  -0.00072  -0.00074   0.65194   0.00046
  -0.00115  -0.49737   0.04013   0.00046   0.98614
   occupation matrix (subspace #          25 , spin            1 )
   0.91799   0.00000   0.00000   0.52305  -0.00000
   0.00000   0.58039   0.05680  -0.00000  -0.49772
   0.00000   0.05680   1.34542  -0.00000   0.04013
   0.52305  -0.00000  -0.00000   0.65103   0.00000
  -0.00000  -0.49772   0.04013   0.00000   0.98617
   occupation matrix (subspace #          26 , spin            1 )
   0.91799  -0.00000   0.00000   0.52305  -0.00000
  -0.00000   0.58037   0.05680  -0.00000  -0.49773
   0.00000   0.05680   1.34547  -0.00000   0.04012
   0.52305  -0.00000  -0.00000   0.65100  -0.00000
  -0.00000  -0.49773   0.04012  -0.00000   0.98618
   occupation matrix (subspace #          27 , spin            1 )
   0.91797   0.00000  -0.00004   0.52303   0.00006
   0.00000   0.58051   0.05676   0.00006  -0.49772
  -0.00004   0.05676   1.34521   0.00005   0.04013
   0.52303   0.00006   0.00005   0.65114  -0.00003
   0.00006  -0.49772   0.04013  -0.00003   0.98611
   occupation matrix (subspace #          28 , spin            1 )
   0.91799   0.00000   0.00000   0.52305  -0.00000
   0.00000   0.58039   0.05680  -0.00000  -0.49772
   0.00000   0.05680   1.34542  -0.00000   0.04013
   0.52305  -0.00000  -0.00000   0.65103   0.00000
  -0.00000  -0.49772   0.04013   0.00000   0.98617
   occupation matrix (subspace #          29 , spin            1 )
   0.91793  -0.00001   0.00001   0.52303  -0.00003
  -0.00001   0.58052   0.05677  -0.00001  -0.49771
   0.00001   0.05677   1.34519  -0.00001   0.04013
   0.52303  -0.00001  -0.00001   0.65117   0.00002
  -0.00003  -0.49771   0.04013   0.00002   0.98612
   occupation matrix (subspace #          30 , spin            1 )
   0.91799   0.00000  -0.00000   0.52305   0.00000
   0.00000   0.58037   0.05680   0.00000  -0.49773
  -0.00000   0.05680   1.34547   0.00000   0.04012
   0.52305   0.00000   0.00000   0.65100   0.00000
   0.00000  -0.49773   0.04012   0.00000   0.98618
   occupation matrix (subspace #          31 , spin            1 )
   0.91517   0.00000   0.00000   0.52247  -0.00000
   0.00000   0.58509   0.05746  -0.00000  -0.49671
   0.00000   0.05746   1.33053  -0.00000   0.04081
   0.52247  -0.00000  -0.00000   0.65934   0.00000
  -0.00000  -0.49671   0.04081   0.00000   0.98625
   occupation matrix (subspace #          32 , spin            1 )
   0.91813  -0.00001  -0.00115   0.52273   0.00150
  -0.00001   0.58174   0.05598   0.00141  -0.49764
  -0.00115   0.05598   1.34273   0.00166   0.04005
   0.52273   0.00141   0.00166   0.65206  -0.00088
   0.00150  -0.49764   0.04005  -0.00088   0.98544
   occupation matrix (subspace #          33 , spin            1 )
   0.91850  -0.00000  -0.00000   0.52254   0.00000
  -0.00000   0.58141   0.05632   0.00000  -0.49786
  -0.00000   0.05632   1.34411   0.00000   0.04003
   0.52254   0.00000   0.00000   0.65158  -0.00000
   0.00000  -0.49786   0.04003  -0.00000   0.98496
   occupation matrix (subspace #          34 , spin            1 )
   0.91798   0.00000  -0.00000   0.52305   0.00000
   0.00000   0.58039   0.05680   0.00000  -0.49772
  -0.00000   0.05680   1.34541   0.00000   0.04013
   0.52305   0.00000   0.00000   0.65103   0.00000
   0.00000  -0.49772   0.04013   0.00000   0.98617
   occupation matrix (subspace #          35 , spin            1 )
   0.91799   0.00000  -0.00000   0.52305   0.00000
   0.00000   0.58037   0.05680   0.00000  -0.49773
  -0.00000   0.05680   1.34547   0.00000   0.04012
   0.52305   0.00000   0.00000   0.65100   0.00000
   0.00000  -0.49773   0.04012   0.00000   0.98618
   occupation matrix (subspace #          36 , spin            1 )
   0.91790  -0.00000  -0.00000   0.52304   0.00000
  -0.00000   0.58045   0.05683   0.00000  -0.49769
  -0.00000   0.05683   1.34519   0.00000   0.04017
   0.52304   0.00000   0.00000   0.65120  -0.00000
   0.00000  -0.49769   0.04017  -0.00000   0.98618
   occupation matrix (subspace #          37 , spin            1 )
   0.91798  -0.00000  -0.00000   0.52305   0.00000
  -0.00000   0.58039   0.05680   0.00000  -0.49772
  -0.00000   0.05680   1.34542   0.00000   0.04013
   0.52305   0.00000   0.00000   0.65103  -0.00000
   0.00000  -0.49772   0.04013  -0.00000   0.98617
   occupation matrix (subspace #          38 , spin            1 )
   0.91797  -0.00000  -0.00000   0.52303   0.00000
  -0.00000   0.58052   0.05675   0.00000  -0.49772
  -0.00000   0.05675   1.34521   0.00000   0.04012
   0.52303   0.00000   0.00000   0.65112  -0.00000
   0.00000  -0.49772   0.04012  -0.00000   0.98611
   occupation matrix (subspace #          39 , spin            1 )
   0.91799  -0.00000   0.00000   0.52305  -0.00000
  -0.00000   0.58037   0.05680  -0.00000  -0.49773
   0.00000   0.05680   1.34547  -0.00000   0.04012
   0.52305  -0.00000  -0.00000   0.65100   0.00000
  -0.00000  -0.49773   0.04012   0.00000   0.98618
   occupation matrix (subspace #          40 , spin            1 )
   0.91933   0.00146   0.00986   0.51411  -0.00050
   0.00146   0.58739   0.06302  -0.01372  -0.48853
   0.00986   0.06302   1.33338   0.00691   0.03429
   0.51411  -0.01372   0.00691   0.64593   0.00414
  -0.00050  -0.48853   0.03429   0.00414   0.98596
   occupation matrix (subspace #          41 , spin            1 )
   0.91730  -0.00000   0.00000   0.52310  -0.00000
  -0.00000   0.58061   0.05710  -0.00000  -0.49738
   0.00000   0.05710   1.34438  -0.00000   0.04085
   0.52310  -0.00000  -0.00000   0.65218  -0.00000
  -0.00000  -0.49738   0.04085  -0.00000   0.98607
   occupation matrix (subspace #          42 , spin            1 )
   0.91779  -0.00008  -0.00083   0.52286   0.00056
  -0.00008   0.58146   0.05647   0.00060  -0.49778
  -0.00083   0.05647   1.34397   0.00052   0.03968
   0.52286   0.00060   0.00052   0.65173  -0.00054
   0.00056  -0.49778   0.03968  -0.00054   0.98548
   occupation matrix (subspace #          43 , spin            1 )
   0.91799  -0.00000  -0.00000   0.52305   0.00000
  -0.00000   0.58039   0.05680   0.00000  -0.49772
  -0.00000   0.05680   1.34542   0.00000   0.04013
   0.52305   0.00000   0.00000   0.65103  -0.00000
   0.00000  -0.49772   0.04013  -0.00000   0.98617
   occupation matrix (subspace #          44 , spin            1 )
   0.91799  -0.00000   0.00000   0.52305  -0.00000
  -0.00000   0.58037   0.05680  -0.00000  -0.49773
   0.00000   0.05680   1.34547  -0.00000   0.04012
   0.52305  -0.00000  -0.00000   0.65100  -0.00000
  -0.00000  -0.49773   0.04012  -0.00000   0.98618
   occupation matrix (subspace #          45 , spin            1 )
   0.91792   0.00000   0.00003   0.52304  -0.00004
   0.00000   0.58047   0.05681  -0.00005  -0.49771
   0.00003   0.05681   1.34519  -0.00005   0.04016
   0.52304  -0.00005  -0.00005   0.65118   0.00002
  -0.00004  -0.49771   0.04016   0.00002   0.98615
   occupation matrix (subspace #          46 , spin            1 )
   0.91799   0.00000   0.00000   0.52305  -0.00000
   0.00000   0.58039   0.05680  -0.00000  -0.49772
   0.00000   0.05680   1.34542  -0.00000   0.04013
   0.52305  -0.00000  -0.00000   0.65103   0.00000
  -0.00000  -0.49772   0.04013   0.00000   0.98617
   occupation matrix (subspace #          47 , spin            1 )
   0.91792  -0.00000  -0.00003   0.52304   0.00004
  -0.00000   0.58047   0.05681   0.00005  -0.49771
  -0.00003   0.05681   1.34519   0.00005   0.04016
   0.52304   0.00005   0.00005   0.65118  -0.00002
   0.00004  -0.49771   0.04016  -0.00002   0.98615
   occupation matrix (subspace #          48 , spin            1 )
   0.91799  -0.00000  -0.00000   0.52305   0.00000
  -0.00000   0.58037   0.05680   0.00000  -0.49773
  -0.00000   0.05680   1.34547   0.00000   0.04012
   0.52305   0.00000   0.00000   0.65100  -0.00000
   0.00000  -0.49773   0.04012  -0.00000   0.98618
   occupation matrix (subspace #          49 , spin            1 )
   0.91908   0.00000  -0.00000   0.51496   0.00000
   0.00000   0.56463   0.04578   0.00000  -0.48029
  -0.00000   0.04578   1.32988   0.00000   0.05766
   0.51496   0.00000   0.00000   0.67364  -0.00000
   0.00000  -0.48029   0.05766  -0.00000   0.98194
   occupation matrix (subspace #          50 , spin            1 )
   0.91779   0.00008   0.00083   0.52286  -0.00056
   0.00008   0.58146   0.05647  -0.00060  -0.49778
   0.00083   0.05647   1.34397  -0.00052   0.03968
   0.52286  -0.00060  -0.00052   0.65173   0.00054
  -0.00056  -0.49778   0.03968   0.00054   0.98548
   occupation matrix (subspace #          51 , spin            1 )
   0.91747   0.00038  -0.00070   0.52289   0.00115
   0.00038   0.58107   0.05681   0.00072  -0.49737
  -0.00070   0.05681   1.34392   0.00074   0.04013
   0.52289   0.00072   0.00074   0.65194  -0.00046
   0.00115  -0.49737   0.04013  -0.00046   0.98614
   occupation matrix (subspace #          52 , spin            1 )
   0.91799  -0.00000  -0.00000   0.52305   0.00000
  -0.00000   0.58039   0.05680   0.00000  -0.49772
  -0.00000   0.05680   1.34542   0.00000   0.04013
   0.52305   0.00000   0.00000   0.65103  -0.00000
   0.00000  -0.49772   0.04013  -0.00000   0.98617
   occupation matrix (subspace #          53 , spin            1 )
   0.91799  -0.00000  -0.00000   0.52305   0.00000
  -0.00000   0.58037   0.05680   0.00000  -0.49773
  -0.00000   0.05680   1.34547   0.00000   0.04012
   0.52305   0.00000   0.00000   0.65100  -0.00000
   0.00000  -0.49773   0.04012  -0.00000   0.98618
   occupation matrix (subspace #          54 , spin            1 )
   0.91797  -0.00000   0.00004   0.52303  -0.00006
  -0.00000   0.58051   0.05676  -0.00006  -0.49772
   0.00004   0.05676   1.34521  -0.00005   0.04013
   0.52303  -0.00006  -0.00005   0.65114   0.00003
  -0.00006  -0.49772   0.04013   0.00003   0.98611
   occupation matrix (subspace #          55 , spin            1 )
   0.91799   0.00000   0.00000   0.52305  -0.00000
   0.00000   0.58039   0.05680  -0.00000  -0.49772
   0.00000   0.05680   1.34542  -0.00000   0.04013
   0.52305  -0.00000  -0.00000   0.65103   0.00000
  -0.00000  -0.49772   0.04013   0.00000   0.98617
   occupation matrix (subspace #          56 , spin            1 )
   0.91790   0.00000   0.00000   0.52304  -0.00000
   0.00000   0.58045   0.05683   0.00000  -0.49769
   0.00000   0.05683   1.34519  -0.00000   0.04017
   0.52304   0.00000  -0.00000   0.65120   0.00000
  -0.00000  -0.49769   0.04017   0.00000   0.98618
   occupation matrix (subspace #          57 , spin            1 )
   0.91799  -0.00000  -0.00000   0.52305   0.00000
  -0.00000   0.58037   0.05680   0.00000  -0.49773
  -0.00000   0.05680   1.34547   0.00000   0.04012
   0.52305   0.00000   0.00000   0.65100  -0.00000
   0.00000  -0.49773   0.04012  -0.00000   0.98618
   occupation matrix (subspace #          58 , spin            1 )
   0.91933  -0.00146  -0.00986   0.51411   0.00050
  -0.00146   0.58739   0.06302   0.01372  -0.48853
  -0.00986   0.06302   1.33338  -0.00691   0.03429
   0.51411   0.01372  -0.00691   0.64593  -0.00414
   0.00050  -0.48853   0.03429  -0.00414   0.98596
   occupation matrix (subspace #          59 , spin            1 )
   0.91850  -0.00000  -0.00000   0.52254   0.00000
  -0.00000   0.58141   0.05632   0.00000  -0.49786
  -0.00000   0.05632   1.34411   0.00000   0.04003
   0.52254   0.00000   0.00000   0.65158  -0.00000
   0.00000  -0.49786   0.04003  -0.00000   0.98496
   occupation matrix (subspace #          60 , spin            1 )
   0.91813  -0.00001  -0.00115   0.52273   0.00150
  -0.00001   0.58174   0.05598   0.00141  -0.49764
  -0.00115   0.05598   1.34273   0.00166   0.04005
   0.52273   0.00141   0.00166   0.65206  -0.00088
   0.00150  -0.49764   0.04005  -0.00088   0.98544
   occupation matrix (subspace #          61 , spin            1 )
   0.91798   0.00000   0.00000   0.52305  -0.00000
   0.00000   0.58039   0.05680  -0.00000  -0.49772
   0.00000   0.05680   1.34542  -0.00000   0.04013
   0.52305  -0.00000  -0.00000   0.65103   0.00000
  -0.00000  -0.49772   0.04013   0.00000   0.98617
   occupation matrix (subspace #          62 , spin            1 )
   0.91799  -0.00000  -0.00000   0.52305   0.00000
  -0.00000   0.58037   0.05680   0.00000  -0.49773
  -0.00000   0.05680   1.34547   0.00000   0.04012
   0.52305   0.00000   0.00000   0.65100  -0.00000
   0.00000  -0.49773   0.04012  -0.00000   0.98618
   occupation matrix (subspace #          63 , spin            1 )
   0.91793  -0.00001   0.00001   0.52303  -0.00003
  -0.00001   0.58052   0.05677  -0.00001  -0.49771
   0.00001   0.05677   1.34519  -0.00001   0.04013
   0.52303  -0.00001  -0.00001   0.65117   0.00002
  -0.00003  -0.49771   0.04013   0.00002   0.98612
   occupation matrix (subspace #          64 , spin            1 )
   0.91798   0.00000   0.00000   0.52305  -0.00000
   0.00000   0.58039   0.05680  -0.00000  -0.49772
   0.00000   0.05680   1.34542  -0.00000   0.04013
   0.52305  -0.00000  -0.00000   0.65103   0.00000
  -0.00000  -0.49772   0.04013   0.00000   0.98617
   occupation matrix (subspace #          65 , spin            1 )
   0.91797  -0.00000   0.00004   0.52303  -0.00006
  -0.00000   0.58051   0.05676  -0.00006  -0.49772
   0.00004   0.05676   1.34521  -0.00005   0.04013
   0.52303  -0.00006  -0.00005   0.65114   0.00003
  -0.00006  -0.49772   0.04013   0.00003   0.98611
   occupation matrix (subspace #          66 , spin            1 )
   0.91799  -0.00000  -0.00000   0.52305   0.00000
  -0.00000   0.58037   0.05680   0.00000  -0.49773
  -0.00000   0.05680   1.34547   0.00000   0.04012
   0.52305   0.00000   0.00000   0.65100  -0.00000
   0.00000  -0.49773   0.04012  -0.00000   0.98618
   occupation matrix (subspace #          67 , spin            1 )
   0.91933  -0.00146  -0.00986   0.51411   0.00050
  -0.00146   0.58739   0.06302   0.01372  -0.48853
  -0.00986   0.06302   1.33338  -0.00691   0.03429
   0.51411   0.01372  -0.00691   0.64593  -0.00414
   0.00050  -0.48853   0.03429  -0.00414   0.98596
   occupation matrix (subspace #          68 , spin            1 )
   0.91747   0.00038  -0.00070   0.52289   0.00115
   0.00038   0.58107   0.05681   0.00072  -0.49737
  -0.00070   0.05681   1.34392   0.00074   0.04013
   0.52289   0.00072   0.00074   0.65194  -0.00046
   0.00115  -0.49737   0.04013  -0.00046   0.98614
   occupation matrix (subspace #          69 , spin            1 )
   0.91779   0.00008   0.00083   0.52286  -0.00056
   0.00008   0.58146   0.05647  -0.00060  -0.49778
   0.00083   0.05647   1.34397  -0.00052   0.03968
   0.52286  -0.00060  -0.00052   0.65173   0.00054
  -0.00056  -0.49778   0.03968   0.00054   0.98548
   occupation matrix (subspace #          70 , spin            1 )
   0.91799   0.00000   0.00000   0.52305  -0.00000
   0.00000   0.58039   0.05680  -0.00000  -0.49772
   0.00000   0.05680   1.34542  -0.00000   0.04013
   0.52305  -0.00000  -0.00000   0.65103   0.00000
  -0.00000  -0.49772   0.04013   0.00000   0.98617
   occupation matrix (subspace #          71 , spin            1 )
   0.91799  -0.00000  -0.00000   0.52305   0.00000
  -0.00000   0.58037   0.05680   0.00000  -0.49773
  -0.00000   0.05680   1.34547   0.00000   0.04012
   0.52305   0.00000   0.00000   0.65100  -0.00000
   0.00000  -0.49773   0.04012  -0.00000   0.98618
   occupation matrix (subspace #          72 , spin            1 )
   0.91792  -0.00000  -0.00003   0.52304   0.00004
  -0.00000   0.58047   0.05681   0.00005  -0.49771
  -0.00003   0.05681   1.34519   0.00005   0.04016
   0.52304   0.00005   0.00005   0.65118  -0.00002
   0.00004  -0.49771   0.04016  -0.00002   0.98615
   occupation matrix (subspace #          73 , spin            1 )
   0.91799  -0.00000   0.00000   0.52305  -0.00000
  -0.00000   0.58039   0.05680  -0.00000  -0.49772
   0.00000   0.05680   1.34542  -0.00000   0.04013
   0.52305  -0.00000  -0.00000   0.65103   0.00000
  -0.00000  -0.49772   0.04013   0.00000   0.98617
   occupation matrix (subspace #          74 , spin            1 )
   0.91792   0.00000   0.00003   0.52304  -0.00004
   0.00000   0.58047   0.05681  -0.00005  -0.49771
   0.00003   0.05681   1.34519  -0.00005   0.04016
   0.52304  -0.00005  -0.00005   0.65118   0.00002
  -0.00004  -0.49771   0.04016   0.00002   0.98615
   occupation matrix (subspace #          75 , spin            1 )
   0.91799   0.00000   0.00000   0.52305  -0.00000
   0.00000   0.58037   0.05680  -0.00000  -0.49773
   0.00000   0.05680   1.34547  -0.00000   0.04012
   0.52305  -0.00000  -0.00000   0.65100   0.00000
  -0.00000  -0.49773   0.04012   0.00000   0.98618
   occupation matrix (subspace #          76 , spin            1 )
   0.91779  -0.00008  -0.00083   0.52286   0.00056
  -0.00008   0.58146   0.05647   0.00060  -0.49778
  -0.00083   0.05647   1.34397   0.00052   0.03968
   0.52286   0.00060   0.00052   0.65173  -0.00054
   0.00056  -0.49778   0.03968  -0.00054   0.98548
   occupation matrix (subspace #          77 , spin            1 )
   0.91730   0.00000   0.00000   0.52310  -0.00000
   0.00000   0.58061   0.05710  -0.00000  -0.49738
   0.00000   0.05710   1.34438  -0.00000   0.04085
   0.52310  -0.00000  -0.00000   0.65218   0.00000
  -0.00000  -0.49738   0.04085   0.00000   0.98607
   occupation matrix (subspace #          78 , spin            1 )
   0.91799   0.00000  -0.00000   0.52305  -0.00000
   0.00000   0.58039   0.05680  -0.00000  -0.49772
  -0.00000   0.05680   1.34542   0.00000   0.04013
   0.52305  -0.00000   0.00000   0.65103   0.00000
  -0.00000  -0.49772   0.04013   0.00000   0.98617
   occupation matrix (subspace #          79 , spin            1 )
   0.91799   0.00000   0.00000   0.52305  -0.00000
   0.00000   0.58037   0.05680  -0.00000  -0.49773
   0.00000   0.05680   1.34547  -0.00000   0.04012
   0.52305  -0.00000  -0.00000   0.65100   0.00000
  -0.00000  -0.49773   0.04012   0.00000   0.98618
   occupation matrix (subspace #          80 , spin            1 )
   0.91797  -0.00000   0.00000   0.52303   0.00000
  -0.00000   0.58052   0.05675   0.00000  -0.49772
   0.00000   0.05675   1.34521  -0.00000   0.04012
   0.52303   0.00000  -0.00000   0.65112  -0.00000
   0.00000  -0.49772   0.04012  -0.00000   0.98611
