   occupation matrix (subspace #           1 , spin            1 )
   0.01392  -0.00061   0.00067  -0.00061   0.00021
  -0.00061   0.01392   0.00052   0.00061  -0.00048
   0.00067   0.00052   0.01740   0.00016   0.00000
  -0.00061   0.00061   0.00016   0.01392   0.00069
   0.00021  -0.00048   0.00000   0.00069   0.01740
   occupation matrix (subspace #           2 , spin            1 )
   0.01392  -0.00061  -0.00067   0.00061  -0.00021
  -0.00061   0.01392  -0.00052  -0.00061   0.00048
  -0.00067  -0.00052   0.01740   0.00016   0.00000
   0.00061  -0.00061   0.00016   0.01392   0.00069
  -0.00021   0.00048   0.00000   0.00069   0.01740
   occupation matrix (subspace #           3 , spin            1 )
   0.01392   0.00061   0.00067   0.00061   0.00021
   0.00061   0.01392  -0.00052   0.00061   0.00048
   0.00067  -0.00052   0.01740  -0.00016   0.00000
   0.00061   0.00061  -0.00016   0.01392  -0.00069
   0.00021   0.00048   0.00000  -0.00069   0.01740
   occupation matrix (subspace #           4 , spin            1 )
   0.01392   0.00061  -0.00067  -0.00061  -0.00021
   0.00061   0.01392   0.00052  -0.00061  -0.00048
  -0.00067   0.00052   0.01740  -0.00016   0.00000
  -0.00061  -0.00061  -0.00016   0.01392  -0.00069
  -0.00021  -0.00048   0.00000  -0.00069   0.01740
   occupation matrix (subspace #           5 , spin            1 )
   0.01392  -0.00061   0.00067  -0.00061   0.00021
  -0.00061   0.01392   0.00052   0.00061  -0.00048
   0.00067   0.00052   0.01740   0.00016   0.00000
  -0.00061   0.00061   0.00016   0.01392   0.00069
   0.00021  -0.00048   0.00000   0.00069   0.01740
   occupation matrix (subspace #           6 , spin            1 )
   0.01392  -0.00061  -0.00067   0.00061  -0.00021
  -0.00061   0.01392  -0.00052  -0.00061   0.00048
  -0.00067  -0.00052   0.01740   0.00016   0.00000
   0.00061  -0.00061   0.00016   0.01392   0.00069
  -0.00021   0.00048   0.00000   0.00069   0.01740
   occupation matrix (subspace #           7 , spin            1 )
   0.01392   0.00061   0.00067   0.00061   0.00021
   0.00061   0.01392  -0.00052   0.00061   0.00048
   0.00067  -0.00052   0.01740  -0.00016   0.00000
   0.00061   0.00061  -0.00016   0.01392  -0.00069
   0.00021   0.00048   0.00000  -0.00069   0.01740
   occupation matrix (subspace #           8 , spin            1 )
   0.01392   0.00061  -0.00067  -0.00061  -0.00021
   0.00061   0.01392   0.00052  -0.00061  -0.00048
  -0.00067   0.00052   0.01740  -0.00016   0.00000
  -0.00061  -0.00061  -0.00016   0.01392  -0.00069
  -0.00021  -0.00048   0.00000  -0.00069   0.01740
   occupation matrix (subspace #           9 , spin            1 )
   0.01917   0.00335   0.00000  -0.00000  -0.00000
   0.00335   0.01803  -0.00000   0.00000   0.00000
   0.00000  -0.00000   0.01708  -0.00065  -0.00021
  -0.00000   0.00000  -0.00065   0.01781   0.00024
  -0.00000   0.00000  -0.00021   0.00024   0.01689
   occupation matrix (subspace #          10 , spin            1 )
   0.01917   0.00335  -0.00000   0.00000  -0.00000
   0.00335   0.01803   0.00000  -0.00000  -0.00000
  -0.00000   0.00000   0.01708  -0.00065  -0.00021
   0.00000  -0.00000  -0.00065   0.01781   0.00024
  -0.00000  -0.00000  -0.00021   0.00024   0.01689
   occupation matrix (subspace #          11 , spin            1 )
   0.01917  -0.00335   0.00000   0.00000   0.00000
  -0.00335   0.01803   0.00000   0.00000  -0.00000
   0.00000   0.00000   0.01708   0.00065  -0.00021
   0.00000   0.00000   0.00065   0.01781  -0.00024
   0.00000  -0.00000  -0.00021  -0.00024   0.01689
   occupation matrix (subspace #          12 , spin            1 )
   0.01781   0.00000  -0.00012  -0.00000   0.00068
   0.00000   0.01917   0.00000  -0.00335   0.00000
  -0.00012   0.00000   0.01675   0.00000   0.00002
  -0.00000  -0.00335   0.00000   0.01803   0.00000
   0.00068   0.00000   0.00002   0.00000   0.01722
   occupation matrix (subspace #          13 , spin            1 )
   0.01781   0.00000  -0.00012  -0.00000   0.00068
   0.00000   0.01917  -0.00000  -0.00335  -0.00000
  -0.00012  -0.00000   0.01675  -0.00000   0.00002
  -0.00000  -0.00335  -0.00000   0.01803  -0.00000
   0.00068  -0.00000   0.00002  -0.00000   0.01722
   occupation matrix (subspace #          14 , spin            1 )
   0.01781  -0.00000   0.00012  -0.00000  -0.00068
  -0.00000   0.01917  -0.00000   0.00335   0.00000
   0.00012  -0.00000   0.01675  -0.00000   0.00002
  -0.00000   0.00335  -0.00000   0.01803  -0.00000
  -0.00068   0.00000   0.00002  -0.00000   0.01722
   occupation matrix (subspace #          15 , spin            1 )
   0.01803   0.00000  -0.00000  -0.00335   0.00000
   0.00000   0.01781  -0.00053  -0.00000  -0.00044
  -0.00000  -0.00053   0.01712  -0.00000   0.00019
  -0.00335  -0.00000  -0.00000   0.01917   0.00000
   0.00000  -0.00044   0.00019   0.00000   0.01685
   occupation matrix (subspace #          16 , spin            1 )
   0.01803   0.00000  -0.00000  -0.00335  -0.00000
   0.00000   0.01781  -0.00053   0.00000  -0.00044
  -0.00000  -0.00053   0.01712  -0.00000   0.00019
  -0.00335   0.00000  -0.00000   0.01917   0.00000
  -0.00000  -0.00044   0.00019   0.00000   0.01685
   occupation matrix (subspace #          17 , spin            1 )
   0.01803  -0.00000  -0.00000   0.00335  -0.00000
  -0.00000   0.01781   0.00053  -0.00000   0.00044
  -0.00000   0.00053   0.01712   0.00000   0.00019
   0.00335  -0.00000   0.00000   0.01917   0.00000
  -0.00000   0.00044   0.00019   0.00000   0.01685
   occupation matrix (subspace #          18 , spin            1 )
   0.01917   0.00335  -0.00000  -0.00000   0.00000
   0.00335   0.01803  -0.00000   0.00000   0.00000
  -0.00000  -0.00000   0.01708  -0.00065  -0.00021
  -0.00000   0.00000  -0.00065   0.01781   0.00024
   0.00000   0.00000  -0.00021   0.00024   0.01689
   occupation matrix (subspace #          19 , spin            1 )
   0.01917   0.00335  -0.00000   0.00000  -0.00000
   0.00335   0.01803   0.00000  -0.00000   0.00000
  -0.00000   0.00000   0.01708  -0.00065  -0.00021
   0.00000  -0.00000  -0.00065   0.01781   0.00024
  -0.00000   0.00000  -0.00021   0.00024   0.01689
   occupation matrix (subspace #          20 , spin            1 )
   0.01917  -0.00335  -0.00000   0.00000   0.00000
  -0.00335   0.01803   0.00000   0.00000  -0.00000
  -0.00000   0.00000   0.01708   0.00065  -0.00021
   0.00000   0.00000   0.00065   0.01781  -0.00024
   0.00000  -0.00000  -0.00021  -0.00024   0.01689
   occupation matrix (subspace #          21 , spin            1 )
   0.01781  -0.00000  -0.00012  -0.00000   0.00068
  -0.00000   0.01917   0.00000  -0.00335   0.00000
  -0.00012   0.00000   0.01675   0.00000   0.00002
  -0.00000  -0.00335   0.00000   0.01803   0.00000
   0.00068   0.00000   0.00002   0.00000   0.01722
   occupation matrix (subspace #          22 , spin            1 )
   0.01781  -0.00000  -0.00012   0.00000   0.00068
  -0.00000   0.01917   0.00000  -0.00335   0.00000
  -0.00012   0.00000   0.01675  -0.00000   0.00002
   0.00000  -0.00335  -0.00000   0.01803  -0.00000
   0.00068   0.00000   0.00002  -0.00000   0.01722
   occupation matrix (subspace #          23 , spin            1 )
   0.01781  -0.00000   0.00012  -0.00000  -0.00068
  -0.00000   0.01917  -0.00000   0.00335  -0.00000
   0.00012  -0.00000   0.01675   0.00000   0.00002
  -0.00000   0.00335   0.00000   0.01803   0.00000
  -0.00068  -0.00000   0.00002   0.00000   0.01722
   occupation matrix (subspace #          24 , spin            1 )
   0.01803   0.00000  -0.00000  -0.00335  -0.00000
   0.00000   0.01781  -0.00053  -0.00000  -0.00044
  -0.00000  -0.00053   0.01712  -0.00000   0.00019
  -0.00335  -0.00000  -0.00000   0.01917  -0.00000
  -0.00000  -0.00044   0.00019  -0.00000   0.01685
   occupation matrix (subspace #          25 , spin            1 )
   0.01803   0.00000  -0.00000  -0.00335  -0.00000
   0.00000   0.01781  -0.00053  -0.00000  -0.00044
  -0.00000  -0.00053   0.01712  -0.00000   0.00019
  -0.00335  -0.00000  -0.00000   0.01917  -0.00000
  -0.00000  -0.00044   0.00019  -0.00000   0.01685
   occupation matrix (subspace #          26 , spin            1 )
   0.01803   0.00000  -0.00000   0.00335   0.00000
   0.00000   0.01781   0.00053  -0.00000   0.00044
  -0.00000   0.00053   0.01712  -0.00000   0.00019
   0.00335  -0.00000  -0.00000   0.01917  -0.00000
   0.00000   0.00044   0.00019  -0.00000   0.01685
   occupation matrix (subspace #          27 , spin            1 )
   0.01917  -0.00335  -0.00000  -0.00000  -0.00000
  -0.00335   0.01803  -0.00000  -0.00000   0.00000
  -0.00000  -0.00000   0.01708   0.00065  -0.00021
  -0.00000  -0.00000   0.00065   0.01781  -0.00024
  -0.00000   0.00000  -0.00021  -0.00024   0.01689
   occupation matrix (subspace #          28 , spin            1 )
   0.01781   0.00000   0.00012   0.00000  -0.00068
   0.00000   0.01917   0.00000   0.00335   0.00000
   0.00012   0.00000   0.01675   0.00000   0.00002
   0.00000   0.00335   0.00000   0.01803  -0.00000
  -0.00068   0.00000   0.00002  -0.00000   0.01722
   occupation matrix (subspace #          29 , spin            1 )
   0.01803  -0.00000  -0.00000   0.00335  -0.00000
  -0.00000   0.01781   0.00053   0.00000   0.00044
  -0.00000   0.00053   0.01712   0.00000   0.00019
   0.00335   0.00000   0.00000   0.01917   0.00000
  -0.00000   0.00044   0.00019   0.00000   0.01685
   occupation matrix (subspace #          30 , spin            1 )
   0.01917  -0.00335  -0.00000   0.00000  -0.00000
  -0.00335   0.01803  -0.00000  -0.00000   0.00000
  -0.00000  -0.00000   0.01708   0.00065  -0.00021
   0.00000  -0.00000   0.00065   0.01781  -0.00024
  -0.00000   0.00000  -0.00021  -0.00024   0.01689
   occupation matrix (subspace #          31 , spin            1 )
   0.01781   0.00000   0.00012   0.00000  -0.00068
   0.00000   0.01917  -0.00000   0.00335  -0.00000
   0.00012  -0.00000   0.01675  -0.00000   0.00002
   0.00000   0.00335  -0.00000   0.01803   0.00000
  -0.00068  -0.00000   0.00002   0.00000   0.01722
   occupation matrix (subspace #          32 , spin            1 )
   0.01803  -0.00000   0.00000   0.00335   0.00000
  -0.00000   0.01781   0.00053  -0.00000   0.00044
   0.00000   0.00053   0.01712   0.00000   0.00019
   0.00335  -0.00000   0.00000   0.01917  -0.00000
   0.00000   0.00044   0.00019  -0.00000   0.01685
   occupation matrix (subspace #          33 , spin            1 )
   1.82420   0.00960   0.01838
   0.00960   1.82193   0.01408
   0.01838   0.01408   1.85943
   occupation matrix (subspace #          34 , spin            1 )
   1.82420  -0.00960  -0.01838
  -0.00960   1.82193   0.01408
  -0.01838   0.01408   1.85943
   occupation matrix (subspace #          35 , spin            1 )
   1.82420  -0.00960   0.01838
  -0.00960   1.82193  -0.01408
   0.01838  -0.01408   1.85943
   occupation matrix (subspace #          36 , spin            1 )
   1.82420   0.00960  -0.01838
   0.00960   1.82193  -0.01408
  -0.01838  -0.01408   1.85943
   occupation matrix (subspace #          37 , spin            1 )
   1.85943  -0.01838   0.01408
  -0.01838   1.82420  -0.00960
   0.01408  -0.00960   1.82192
   occupation matrix (subspace #          38 , spin            1 )
   1.85943   0.01838   0.01408
   0.01838   1.82420   0.00960
   0.01408   0.00960   1.82192
   occupation matrix (subspace #          39 , spin            1 )
   1.85943  -0.01838  -0.01408
  -0.01838   1.82420   0.00960
  -0.01408   0.00960   1.82192
   occupation matrix (subspace #          40 , spin            1 )
   1.85943   0.01838  -0.01408
   0.01838   1.82420  -0.00960
  -0.01408  -0.00960   1.82192
   occupation matrix (subspace #          41 , spin            1 )
   1.82193  -0.01409  -0.00960
  -0.01409   1.85942   0.01837
  -0.00960   0.01837   1.82419
   occupation matrix (subspace #          42 , spin            1 )
   1.82193  -0.01409   0.00960
  -0.01409   1.85942  -0.01837
   0.00960  -0.01837   1.82419
   occupation matrix (subspace #          43 , spin            1 )
   1.82193   0.01409   0.00960
   0.01409   1.85942   0.01837
   0.00960   0.01837   1.82419
   occupation matrix (subspace #          44 , spin            1 )
   1.82193   0.01409  -0.00960
   0.01409   1.85942  -0.01837
  -0.00960  -0.01837   1.82419
   occupation matrix (subspace #          45 , spin            1 )
   1.82420   0.00960   0.01838
   0.00960   1.82193   0.01408
   0.01838   0.01408   1.85943
   occupation matrix (subspace #          46 , spin            1 )
   1.82420  -0.00960  -0.01838
  -0.00960   1.82193   0.01408
  -0.01838   0.01408   1.85943
   occupation matrix (subspace #          47 , spin            1 )
   1.82420  -0.00960   0.01838
  -0.00960   1.82193  -0.01408
   0.01838  -0.01408   1.85943
   occupation matrix (subspace #          48 , spin            1 )
   1.82420   0.00960  -0.01838
   0.00960   1.82193  -0.01408
  -0.01838  -0.01408   1.85943
   occupation matrix (subspace #          49 , spin            1 )
   1.85943  -0.01838   0.01408
  -0.01838   1.82420  -0.00960
   0.01408  -0.00960   1.82192
   occupation matrix (subspace #          50 , spin            1 )
   1.85943   0.01838   0.01408
   0.01838   1.82420   0.00960
   0.01408   0.00960   1.82192
   occupation matrix (subspace #          51 , spin            1 )
   1.85943  -0.01838  -0.01408
  -0.01838   1.82420   0.00960
  -0.01408   0.00960   1.82192
   occupation matrix (subspace #          52 , spin            1 )
   1.85943   0.01838  -0.01408
   0.01838   1.82420  -0.00960
  -0.01408  -0.00960   1.82192
   occupation matrix (subspace #          53 , spin            1 )
   1.82193  -0.01409  -0.00960
  -0.01409   1.85942   0.01837
  -0.00960   0.01837   1.82419
   occupation matrix (subspace #          54 , spin            1 )
   1.82193  -0.01409   0.00960
  -0.01409   1.85942  -0.01837
   0.00960  -0.01837   1.82419
   occupation matrix (subspace #          55 , spin            1 )
   1.82193   0.01409   0.00960
   0.01409   1.85942   0.01837
   0.00960   0.01837   1.82419
   occupation matrix (subspace #          56 , spin            1 )
   1.82193   0.01409  -0.00960
   0.01409   1.85942  -0.01837
  -0.00960  -0.01837   1.82419
   occupation matrix (subspace #          57 , spin            1 )
   1.82420   0.00960   0.01838
   0.00960   1.82193   0.01408
   0.01838   0.01408   1.85943
   occupation matrix (subspace #          58 , spin            1 )
   1.82420  -0.00960  -0.01838
  -0.00960   1.82193   0.01408
  -0.01838   0.01408   1.85943
   occupation matrix (subspace #          59 , spin            1 )
   1.82420  -0.00960   0.01838
  -0.00960   1.82193  -0.01408
   0.01838  -0.01408   1.85943
   occupation matrix (subspace #          60 , spin            1 )
   1.82420   0.00960  -0.01838
   0.00960   1.82193  -0.01408
  -0.01838  -0.01408   1.85943
   occupation matrix (subspace #          61 , spin            1 )
   1.85943  -0.01838   0.01408
  -0.01838   1.82420  -0.00960
   0.01408  -0.00960   1.82192
   occupation matrix (subspace #          62 , spin            1 )
   1.85943   0.01838   0.01408
   0.01838   1.82420   0.00960
   0.01408   0.00960   1.82192
   occupation matrix (subspace #          63 , spin            1 )
   1.85943  -0.01838  -0.01408
  -0.01838   1.82420   0.00960
  -0.01408   0.00960   1.82192
   occupation matrix (subspace #          64 , spin            1 )
   1.85943   0.01838  -0.01408
   0.01838   1.82420  -0.00960
  -0.01408  -0.00960   1.82192
   occupation matrix (subspace #          65 , spin            1 )
   1.82193  -0.01409  -0.00960
  -0.01409   1.85942   0.01837
  -0.00960   0.01837   1.82419
   occupation matrix (subspace #          66 , spin            1 )
   1.82193  -0.01409   0.00960
  -0.01409   1.85942  -0.01837
   0.00960  -0.01837   1.82419
   occupation matrix (subspace #          67 , spin            1 )
   1.82193   0.01409   0.00960
   0.01409   1.85942   0.01837
   0.00960   0.01837   1.82419
   occupation matrix (subspace #          68 , spin            1 )
   1.82193   0.01409  -0.00960
   0.01409   1.85942  -0.01837
  -0.00960  -0.01837   1.82419
   occupation matrix (subspace #          69 , spin            1 )
   1.82420   0.00960   0.01838
   0.00960   1.82193   0.01408
   0.01838   0.01408   1.85943
   occupation matrix (subspace #          70 , spin            1 )
   1.82420  -0.00960  -0.01838
  -0.00960   1.82193   0.01408
  -0.01838   0.01408   1.85943
   occupation matrix (subspace #          71 , spin            1 )
   1.82420  -0.00960   0.01838
  -0.00960   1.82193  -0.01408
   0.01838  -0.01408   1.85943
   occupation matrix (subspace #          72 , spin            1 )
   1.82420   0.00960  -0.01838
   0.00960   1.82193  -0.01408
  -0.01838  -0.01408   1.85943
   occupation matrix (subspace #          73 , spin            1 )
   1.85943  -0.01838   0.01408
  -0.01838   1.82420  -0.00960
   0.01408  -0.00960   1.82192
   occupation matrix (subspace #          74 , spin            1 )
   1.85943   0.01838   0.01408
   0.01838   1.82420   0.00960
   0.01408   0.00960   1.82192
   occupation matrix (subspace #          75 , spin            1 )
   1.85943  -0.01838  -0.01408
  -0.01838   1.82420   0.00960
  -0.01408   0.00960   1.82192
   occupation matrix (subspace #          76 , spin            1 )
   1.85943   0.01838  -0.01408
   0.01838   1.82420  -0.00960
  -0.01408  -0.00960   1.82192
   occupation matrix (subspace #          77 , spin            1 )
   1.82193  -0.01409  -0.00960
  -0.01409   1.85942   0.01837
  -0.00960   0.01837   1.82419
   occupation matrix (subspace #          78 , spin            1 )
   1.82193  -0.01409   0.00960
  -0.01409   1.85942  -0.01837
   0.00960  -0.01837   1.82419
   occupation matrix (subspace #          79 , spin            1 )
   1.82193   0.01409   0.00960
   0.01409   1.85942   0.01837
   0.00960   0.01837   1.82419
   occupation matrix (subspace #          80 , spin            1 )
   1.82193   0.01409  -0.00960
   0.01409   1.85942  -0.01837
  -0.00960  -0.01837   1.82419
