   occupation matrix (subspace #           1 , spin            1 )
   0.08688  -0.00316   0.00155   0.00155  -0.01248
  -0.00316   0.09193  -0.00681  -0.00178  -0.00914
   0.00155  -0.00681   0.06779  -0.00985  -0.00002
   0.00155  -0.00178  -0.00985   0.08795   0.00736
  -0.01248  -0.00914  -0.00002   0.00736   0.06505
   occupation matrix (subspace #           2 , spin            1 )
   0.08688  -0.00316  -0.00155  -0.00155   0.01248
  -0.00316   0.09193   0.00681   0.00178   0.00914
  -0.00155   0.00681   0.06779  -0.00985  -0.00002
  -0.00155   0.00178  -0.00985   0.08795   0.00736
   0.01248   0.00914  -0.00002   0.00736   0.06505
   occupation matrix (subspace #           3 , spin            1 )
   0.08688  -0.00316   0.00155   0.00155  -0.01248
  -0.00316   0.09193  -0.00681  -0.00178  -0.00914
   0.00155  -0.00681   0.06779  -0.00985  -0.00002
   0.00155  -0.00178  -0.00985   0.08795   0.00736
  -0.01248  -0.00914  -0.00002   0.00736   0.06505
   occupation matrix (subspace #           4 , spin            1 )
   0.08688  -0.00316  -0.00155  -0.00155   0.01248
  -0.00316   0.09193   0.00681   0.00178   0.00914
  -0.00155   0.00681   0.06779  -0.00985  -0.00002
  -0.00155   0.00178  -0.00985   0.08795   0.00736
   0.01248   0.00914  -0.00002   0.00736   0.06505
   occupation matrix (subspace #           5 , spin            1 )
   0.08520   0.00012   0.00045   0.00178   0.01282
   0.00012   0.09417   0.00677  -0.00132  -0.00020
   0.00045   0.00677   0.06631   0.00959  -0.00048
   0.00178  -0.00132   0.00959   0.08799  -0.00817
   0.01282  -0.00020  -0.00048  -0.00817   0.06499
   occupation matrix (subspace #           6 , spin            1 )
   0.08520   0.00012  -0.00045  -0.00177  -0.01282
   0.00012   0.09417  -0.00677   0.00132   0.00020
  -0.00045  -0.00677   0.06631   0.00959  -0.00048
  -0.00177   0.00132   0.00959   0.08799  -0.00817
  -0.01282   0.00020  -0.00048  -0.00817   0.06499
   occupation matrix (subspace #           7 , spin            1 )
   0.08520   0.00012   0.00045   0.00178   0.01282
   0.00012   0.09417   0.00677  -0.00132  -0.00020
   0.00045   0.00677   0.06631   0.00959  -0.00048
   0.00178  -0.00132   0.00959   0.08799  -0.00817
   0.01282  -0.00020  -0.00048  -0.00817   0.06499
   occupation matrix (subspace #           8 , spin            1 )
   0.08520   0.00012  -0.00045  -0.00177  -0.01282
   0.00012   0.09417  -0.00677   0.00132   0.00020
  -0.00045  -0.00677   0.06631   0.00959  -0.00048
  -0.00177   0.00132   0.00959   0.08799  -0.00817
  -0.01282   0.00020  -0.00048  -0.00817   0.06499
   occupation matrix (subspace #           9 , spin            1 )
   1.67438  -0.01119   0.00913
  -0.01119   1.67975  -0.01943
   0.00913  -0.01943   1.52330
   occupation matrix (subspace #          10 , spin            1 )
   1.67438   0.01119  -0.00913
   0.01119   1.67975  -0.01943
  -0.00913  -0.01943   1.52329
   occupation matrix (subspace #          11 , spin            1 )
   1.67438  -0.01119   0.00913
  -0.01119   1.67975  -0.01943
   0.00913  -0.01943   1.52329
   occupation matrix (subspace #          12 , spin            1 )
   1.67438   0.01119  -0.00913
   0.01119   1.67975  -0.01943
  -0.00913  -0.01943   1.52330
   occupation matrix (subspace #          13 , spin            1 )
   1.67624   0.01059   0.00961
   0.01059   1.68215   0.02099
   0.00961   0.02099   1.52938
   occupation matrix (subspace #          14 , spin            1 )
   1.67624  -0.01059  -0.00961
  -0.01059   1.68215   0.02099
  -0.00961   0.02099   1.52938
   occupation matrix (subspace #          15 , spin            1 )
   1.67624   0.01059   0.00961
   0.01059   1.68215   0.02099
   0.00961   0.02099   1.52938
   occupation matrix (subspace #          16 , spin            1 )
   1.67624  -0.01059  -0.00961
  -0.01059   1.68215   0.02099
  -0.00961   0.02099   1.52938
   occupation matrix (subspace #          17 , spin            1 )
   1.51440   0.01839  -0.01422
   0.01839   1.64267   0.01021
  -0.01422   0.01021   1.61751
   occupation matrix (subspace #          18 , spin            1 )
   1.51440  -0.01839   0.01422
  -0.01839   1.64267   0.01021
   0.01422   0.01021   1.61751
   occupation matrix (subspace #          19 , spin            1 )
   1.51440   0.01839  -0.01422
   0.01839   1.64267   0.01021
  -0.01422   0.01021   1.61751
   occupation matrix (subspace #          20 , spin            1 )
   1.51440  -0.01839   0.01422
  -0.01839   1.64267   0.01021
   0.01422   0.01021   1.61751
   occupation matrix (subspace #          21 , spin            1 )
   1.51525  -0.00538   0.01743
  -0.00538   1.64733  -0.00272
   0.01743  -0.00272   1.61652
   occupation matrix (subspace #          22 , spin            1 )
   1.51525   0.00538  -0.01743
   0.00538   1.64733  -0.00272
  -0.01743  -0.00272   1.61652
   occupation matrix (subspace #          23 , spin            1 )
   1.51525  -0.00538   0.01743
  -0.00538   1.64733  -0.00272
   0.01743  -0.00272   1.61652
   occupation matrix (subspace #          24 , spin            1 )
   1.51525   0.00538  -0.01743
   0.00538   1.64733  -0.00272
  -0.01743  -0.00272   1.61652
   occupation matrix (subspace #          25 , spin            1 )
   1.59979   0.00423   0.00426
   0.00423   1.50586   0.01787
   0.00426   0.01787   1.59128
   occupation matrix (subspace #          26 , spin            1 )
   1.59979  -0.00423  -0.00426
  -0.00423   1.50586   0.01787
  -0.00426   0.01787   1.59128
   occupation matrix (subspace #          27 , spin            1 )
   1.59979   0.00423   0.00426
   0.00423   1.50586   0.01787
   0.00426   0.01787   1.59128
   occupation matrix (subspace #          28 , spin            1 )
   1.59979  -0.00423  -0.00426
  -0.00423   1.50586   0.01787
  -0.00426   0.01787   1.59128
   occupation matrix (subspace #          29 , spin            1 )
   1.60332   0.02037   0.01011
   0.02037   1.50183  -0.01684
   0.01011  -0.01684   1.58752
   occupation matrix (subspace #          30 , spin            1 )
   1.60332  -0.02037  -0.01011
  -0.02037   1.50183  -0.01684
  -0.01011  -0.01684   1.58752
   occupation matrix (subspace #          31 , spin            1 )
   1.60332   0.02037   0.01011
   0.02037   1.50183  -0.01684
   0.01011  -0.01684   1.58752
   occupation matrix (subspace #          32 , spin            1 )
   1.60332  -0.02037  -0.01011
  -0.02037   1.50183  -0.01684
  -0.01011  -0.01684   1.58752
