   occupation matrix (subspace #           1 , spin            1 )
   0.30039  -0.00974   0.00923   0.00274  -0.07637
  -0.00974   0.35024  -0.03187  -0.00789  -0.03702
   0.00923  -0.03187   0.12677  -0.06502  -0.00838
   0.00274  -0.00789  -0.06502   0.31117   0.04084
  -0.07637  -0.03702  -0.00838   0.04084   0.13317
   occupation matrix (subspace #           2 , spin            1 )
   0.30039  -0.00974  -0.00923  -0.00274   0.07637
  -0.00974   0.35024   0.03187   0.00789   0.03702
  -0.00923   0.03187   0.12677  -0.06502  -0.00838
  -0.00274   0.00789  -0.06502   0.31117   0.04084
   0.07637   0.03702  -0.00838   0.04084   0.13317
   occupation matrix (subspace #           3 , spin            1 )
   0.30039  -0.00974   0.00923   0.00274  -0.07637
  -0.00974   0.35024  -0.03187  -0.00789  -0.03703
   0.00923  -0.03187   0.12677  -0.06502  -0.00838
   0.00274  -0.00789  -0.06502   0.31117   0.04084
  -0.07637  -0.03703  -0.00838   0.04084   0.13317
   occupation matrix (subspace #           4 , spin            1 )
   0.30039  -0.00974  -0.00923  -0.00274   0.07637
  -0.00974   0.35024   0.03187   0.00789   0.03702
  -0.00923   0.03187   0.12677  -0.06502  -0.00838
  -0.00274   0.00789  -0.06502   0.31117   0.04084
   0.07637   0.03702  -0.00838   0.04084   0.13317
   occupation matrix (subspace #           5 , spin            1 )
   0.29517   0.00094  -0.00225   0.00396   0.07764
   0.00094   0.35528   0.02585  -0.00273  -0.00160
  -0.00225   0.02585   0.12005   0.05991  -0.01025
   0.00396  -0.00273   0.05991   0.31367  -0.04478
   0.07764  -0.00160  -0.01025  -0.04478   0.13184
   occupation matrix (subspace #           6 , spin            1 )
   0.29517   0.00094   0.00225  -0.00396  -0.07764
   0.00094   0.35528  -0.02585   0.00273   0.00160
   0.00225  -0.02585   0.12005   0.05991  -0.01025
  -0.00396   0.00273   0.05991   0.31367  -0.04478
  -0.07764   0.00160  -0.01025  -0.04478   0.13184
   occupation matrix (subspace #           7 , spin            1 )
   0.29517   0.00094  -0.00225   0.00396   0.07764
   0.00094   0.35528   0.02585  -0.00273  -0.00160
  -0.00225   0.02585   0.12005   0.05991  -0.01025
   0.00396  -0.00273   0.05991   0.31367  -0.04478
   0.07764  -0.00160  -0.01025  -0.04478   0.13184
   occupation matrix (subspace #           8 , spin            1 )
   0.29517   0.00094   0.00225  -0.00396  -0.07764
   0.00094   0.35527  -0.02585   0.00273   0.00160
   0.00225  -0.02585   0.12005   0.05991  -0.01025
  -0.00396   0.00273   0.05991   0.31367  -0.04478
  -0.07764   0.00160  -0.01025  -0.04478   0.13184
   occupation matrix (subspace #           9 , spin            1 )
   1.70792  -0.02168   0.03628
  -0.02168   1.71370  -0.05491
   0.03628  -0.05491   1.77504
   occupation matrix (subspace #          10 , spin            1 )
   1.70792   0.02168  -0.03628
   0.02168   1.71370  -0.05491
  -0.03628  -0.05491   1.77504
   occupation matrix (subspace #          11 , spin            1 )
   1.70792  -0.02168   0.03628
  -0.02168   1.71370  -0.05491
   0.03628  -0.05491   1.77504
   occupation matrix (subspace #          12 , spin            1 )
   1.70792   0.02168  -0.03628
   0.02168   1.71370  -0.05491
  -0.03628  -0.05491   1.77504
   occupation matrix (subspace #          13 , spin            1 )
   1.70841   0.02132   0.03606
   0.02132   1.71445   0.05351
   0.03606   0.05351   1.77956
   occupation matrix (subspace #          14 , spin            1 )
   1.70841  -0.02132  -0.03606
  -0.02132   1.71445   0.05351
  -0.03606   0.05351   1.77956
   occupation matrix (subspace #          15 , spin            1 )
   1.70841   0.02132   0.03606
   0.02132   1.71445   0.05351
   0.03606   0.05351   1.77956
   occupation matrix (subspace #          16 , spin            1 )
   1.70841  -0.02132  -0.03606
  -0.02132   1.71445   0.05351
  -0.03606   0.05351   1.77956
   occupation matrix (subspace #          17 , spin            1 )
   1.74516   0.05746  -0.01758
   0.05746   1.67874   0.00713
  -0.01758   0.00713   1.65649
   occupation matrix (subspace #          18 , spin            1 )
   1.74516  -0.05746   0.01758
  -0.05746   1.67874   0.00713
   0.01758   0.00713   1.65649
   occupation matrix (subspace #          19 , spin            1 )
   1.74516   0.05746  -0.01758
   0.05746   1.67874   0.00713
  -0.01758   0.00713   1.65649
   occupation matrix (subspace #          20 , spin            1 )
   1.74516  -0.05746   0.01758
  -0.05746   1.67874   0.00713
   0.01758   0.00713   1.65649
   occupation matrix (subspace #          21 , spin            1 )
   1.74720   0.04321   0.01790
   0.04321   1.68194   0.00018
   0.01790   0.00018   1.65672
   occupation matrix (subspace #          22 , spin            1 )
   1.74720  -0.04321  -0.01790
  -0.04321   1.68194   0.00018
  -0.01790   0.00018   1.65672
   occupation matrix (subspace #          23 , spin            1 )
   1.74720   0.04321   0.01790
   0.04321   1.68194   0.00018
   0.01790   0.00018   1.65672
   occupation matrix (subspace #          24 , spin            1 )
   1.74720  -0.04321  -0.01790
  -0.04321   1.68194   0.00018
  -0.01790   0.00018   1.65672
   occupation matrix (subspace #          25 , spin            1 )
   1.62311   0.00995   0.00079
   0.00995   1.73461   0.00840
   0.00079   0.00840   1.62462
   occupation matrix (subspace #          26 , spin            1 )
   1.62311  -0.00995  -0.00079
  -0.00995   1.73461   0.00840
  -0.00079   0.00840   1.62462
   occupation matrix (subspace #          27 , spin            1 )
   1.62311   0.00995   0.00079
   0.00995   1.73461   0.00840
   0.00079   0.00840   1.62462
   occupation matrix (subspace #          28 , spin            1 )
   1.62311  -0.00995  -0.00079
  -0.00995   1.73461   0.00840
  -0.00079   0.00840   1.62462
   occupation matrix (subspace #          29 , spin            1 )
   1.62476   0.00508   0.00419
   0.00508   1.73148  -0.00565
   0.00419  -0.00565   1.62273
   occupation matrix (subspace #          30 , spin            1 )
   1.62476  -0.00508  -0.00419
  -0.00508   1.73148  -0.00565
  -0.00419  -0.00565   1.62273
   occupation matrix (subspace #          31 , spin            1 )
   1.62476   0.00508   0.00419
   0.00508   1.73148  -0.00565
   0.00419  -0.00565   1.62273
   occupation matrix (subspace #          32 , spin            1 )
   1.62476  -0.00508  -0.00419
  -0.00508   1.73148  -0.00565
  -0.00419  -0.00565   1.62273
