   occupation matrix (subspace #           1 , spin            1 )
   0.01865   0.00193   0.00160   0.00194   0.00060
   0.00193   0.01865   0.00131  -0.00194  -0.00109
   0.00160   0.00131   0.01714   0.00028   0.00000
   0.00194  -0.00194   0.00028   0.01865   0.00168
   0.00060  -0.00109   0.00000   0.00168   0.01714
   occupation matrix (subspace #           2 , spin            1 )
   0.01865   0.00193  -0.00160  -0.00194  -0.00060
   0.00193   0.01865  -0.00131   0.00194   0.00109
  -0.00160  -0.00131   0.01714   0.00028   0.00000
  -0.00194   0.00194   0.00028   0.01865   0.00168
  -0.00060   0.00109   0.00000   0.00168   0.01714
   occupation matrix (subspace #           3 , spin            1 )
   0.01865  -0.00193   0.00160  -0.00194   0.00060
  -0.00193   0.01865  -0.00131  -0.00194   0.00109
   0.00160  -0.00131   0.01714  -0.00028   0.00000
  -0.00194  -0.00194  -0.00028   0.01865  -0.00168
   0.00060   0.00109   0.00000  -0.00168   0.01714
   occupation matrix (subspace #           4 , spin            1 )
   0.01865  -0.00193  -0.00160   0.00194  -0.00060
  -0.00193   0.01865   0.00131   0.00194  -0.00109
  -0.00160   0.00131   0.01714  -0.00028   0.00000
   0.00194   0.00194  -0.00028   0.01865  -0.00168
  -0.00060  -0.00109   0.00000  -0.00168   0.01714
   occupation matrix (subspace #           5 , spin            1 )
   0.01865   0.00193   0.00160   0.00194   0.00060
   0.00193   0.01865   0.00131  -0.00194  -0.00109
   0.00160   0.00131   0.01714   0.00028   0.00000
   0.00194  -0.00194   0.00028   0.01865   0.00168
   0.00060  -0.00109   0.00000   0.00168   0.01714
   occupation matrix (subspace #           6 , spin            1 )
   0.01865   0.00193  -0.00160  -0.00194  -0.00060
   0.00193   0.01865  -0.00131   0.00194   0.00109
  -0.00160  -0.00131   0.01714   0.00028   0.00000
  -0.00194   0.00194   0.00028   0.01865   0.00168
  -0.00060   0.00109   0.00000   0.00168   0.01714
   occupation matrix (subspace #           7 , spin            1 )
   0.01865  -0.00193   0.00160  -0.00194   0.00060
  -0.00193   0.01865  -0.00131  -0.00194   0.00109
   0.00160  -0.00131   0.01714  -0.00028   0.00000
  -0.00194  -0.00194  -0.00028   0.01865  -0.00168
   0.00060   0.00109   0.00000  -0.00168   0.01714
   occupation matrix (subspace #           8 , spin            1 )
   0.01865  -0.00193  -0.00160   0.00194  -0.00060
  -0.00193   0.01865   0.00131   0.00194  -0.00109
  -0.00160   0.00131   0.01714  -0.00028   0.00000
   0.00194   0.00194  -0.00028   0.01865  -0.00168
  -0.00060  -0.00109   0.00000  -0.00168   0.01714
   occupation matrix (subspace #           9 , spin            1 )
   0.02415   0.00024   0.00000  -0.00000  -0.00000
   0.00024   0.02379  -0.00000   0.00000   0.00000
   0.00000  -0.00000   0.01714  -0.00231   0.00023
  -0.00000   0.00000  -0.00231   0.02568  -0.00084
  -0.00000   0.00000   0.00023  -0.00084   0.01698
   occupation matrix (subspace #          10 , spin            1 )
   0.02415   0.00024  -0.00000  -0.00000  -0.00000
   0.00024   0.02379   0.00000   0.00000   0.00000
  -0.00000   0.00000   0.01714  -0.00231   0.00023
  -0.00000   0.00000  -0.00231   0.02568  -0.00084
  -0.00000   0.00000   0.00023  -0.00084   0.01698
   occupation matrix (subspace #          11 , spin            1 )
   0.02415  -0.00024   0.00000   0.00000  -0.00000
  -0.00024   0.02379   0.00000   0.00000  -0.00000
   0.00000   0.00000   0.01714   0.00231   0.00023
   0.00000   0.00000   0.00231   0.02568   0.00084
  -0.00000  -0.00000   0.00023   0.00084   0.01698
   occupation matrix (subspace #          12 , spin            1 )
   0.02569   0.00000  -0.00188  -0.00000   0.00159
   0.00000   0.02415  -0.00000  -0.00024  -0.00000
  -0.00188  -0.00000   0.01722   0.00000  -0.00018
  -0.00000  -0.00024   0.00000   0.02379   0.00000
   0.00159  -0.00000  -0.00018   0.00000   0.01690
   occupation matrix (subspace #          13 , spin            1 )
   0.02569   0.00000  -0.00188   0.00000   0.00159
   0.00000   0.02415  -0.00000  -0.00024  -0.00000
  -0.00188  -0.00000   0.01722  -0.00000  -0.00018
   0.00000  -0.00024  -0.00000   0.02379  -0.00000
   0.00159  -0.00000  -0.00018  -0.00000   0.01690
   occupation matrix (subspace #          14 , spin            1 )
   0.02569  -0.00000   0.00188  -0.00000  -0.00159
  -0.00000   0.02415   0.00000   0.00024   0.00000
   0.00188   0.00000   0.01722  -0.00000  -0.00018
  -0.00000   0.00024  -0.00000   0.02379  -0.00000
  -0.00159   0.00000  -0.00018  -0.00000   0.01690
   occupation matrix (subspace #          15 , spin            1 )
   0.02379   0.00000  -0.00000  -0.00024   0.00000
   0.00000   0.02568  -0.00043  -0.00000  -0.00242
  -0.00000  -0.00043   0.01682  -0.00000  -0.00005
  -0.00024  -0.00000  -0.00000   0.02415   0.00000
   0.00000  -0.00242  -0.00005   0.00000   0.01729
   occupation matrix (subspace #          16 , spin            1 )
   0.02379  -0.00000  -0.00000  -0.00024   0.00000
  -0.00000   0.02568  -0.00043   0.00000  -0.00242
  -0.00000  -0.00043   0.01682  -0.00000  -0.00005
  -0.00024   0.00000  -0.00000   0.02415   0.00000
   0.00000  -0.00242  -0.00005   0.00000   0.01729
   occupation matrix (subspace #          17 , spin            1 )
   0.02379  -0.00000  -0.00000   0.00024  -0.00000
  -0.00000   0.02568   0.00043  -0.00000   0.00242
  -0.00000   0.00043   0.01682   0.00000  -0.00005
   0.00024  -0.00000   0.00000   0.02415   0.00000
  -0.00000   0.00242  -0.00005   0.00000   0.01729
   occupation matrix (subspace #          18 , spin            1 )
   0.02415   0.00024   0.00000  -0.00000  -0.00000
   0.00024   0.02379  -0.00000  -0.00000   0.00000
   0.00000  -0.00000   0.01714  -0.00231   0.00023
  -0.00000  -0.00000  -0.00231   0.02568  -0.00084
  -0.00000   0.00000   0.00023  -0.00084   0.01698
   occupation matrix (subspace #          19 , spin            1 )
   0.02415   0.00024  -0.00000   0.00000  -0.00000
   0.00024   0.02379   0.00000   0.00000  -0.00000
  -0.00000   0.00000   0.01714  -0.00231   0.00023
   0.00000   0.00000  -0.00231   0.02568  -0.00084
  -0.00000  -0.00000   0.00023  -0.00084   0.01698
   occupation matrix (subspace #          20 , spin            1 )
   0.02415  -0.00024   0.00000   0.00000  -0.00000
  -0.00024   0.02379   0.00000   0.00000  -0.00000
   0.00000   0.00000   0.01714   0.00231   0.00023
   0.00000   0.00000   0.00231   0.02568   0.00084
  -0.00000  -0.00000   0.00023   0.00084   0.01698
   occupation matrix (subspace #          21 , spin            1 )
   0.02569  -0.00000  -0.00188  -0.00000   0.00159
  -0.00000   0.02415  -0.00000  -0.00024   0.00000
  -0.00188  -0.00000   0.01722   0.00000  -0.00018
  -0.00000  -0.00024   0.00000   0.02379   0.00000
   0.00159   0.00000  -0.00018   0.00000   0.01690
   occupation matrix (subspace #          22 , spin            1 )
   0.02569  -0.00000  -0.00188   0.00000   0.00159
  -0.00000   0.02415  -0.00000  -0.00024  -0.00000
  -0.00188  -0.00000   0.01722  -0.00000  -0.00018
   0.00000  -0.00024  -0.00000   0.02379  -0.00000
   0.00159  -0.00000  -0.00018  -0.00000   0.01690
   occupation matrix (subspace #          23 , spin            1 )
   0.02569   0.00000   0.00188  -0.00000  -0.00159
   0.00000   0.02415  -0.00000   0.00024  -0.00000
   0.00188  -0.00000   0.01722   0.00000  -0.00018
  -0.00000   0.00024   0.00000   0.02379  -0.00000
  -0.00159  -0.00000  -0.00018  -0.00000   0.01690
   occupation matrix (subspace #          24 , spin            1 )
   0.02379   0.00000  -0.00000  -0.00024   0.00000
   0.00000   0.02568  -0.00043  -0.00000  -0.00242
  -0.00000  -0.00043   0.01682  -0.00000  -0.00005
  -0.00024  -0.00000  -0.00000   0.02415   0.00000
   0.00000  -0.00242  -0.00005   0.00000   0.01729
   occupation matrix (subspace #          25 , spin            1 )
   0.02379   0.00000  -0.00000  -0.00024  -0.00000
   0.00000   0.02568  -0.00043  -0.00000  -0.00242
  -0.00000  -0.00043   0.01682  -0.00000  -0.00005
  -0.00024  -0.00000  -0.00000   0.02415  -0.00000
  -0.00000  -0.00242  -0.00005  -0.00000   0.01729
   occupation matrix (subspace #          26 , spin            1 )
   0.02379   0.00000  -0.00000   0.00024   0.00000
   0.00000   0.02568   0.00043  -0.00000   0.00242
  -0.00000   0.00043   0.01682   0.00000  -0.00005
   0.00024  -0.00000   0.00000   0.02415  -0.00000
   0.00000   0.00242  -0.00005  -0.00000   0.01729
   occupation matrix (subspace #          27 , spin            1 )
   0.02415  -0.00024  -0.00000  -0.00000   0.00000
  -0.00024   0.02379  -0.00000  -0.00000   0.00000
  -0.00000  -0.00000   0.01714   0.00231   0.00023
  -0.00000  -0.00000   0.00231   0.02568   0.00084
   0.00000   0.00000   0.00023   0.00084   0.01698
   occupation matrix (subspace #          28 , spin            1 )
   0.02569   0.00000   0.00188   0.00000  -0.00159
   0.00000   0.02415  -0.00000   0.00024  -0.00000
   0.00188  -0.00000   0.01722  -0.00000  -0.00018
   0.00000   0.00024  -0.00000   0.02379  -0.00000
  -0.00159  -0.00000  -0.00018  -0.00000   0.01690
   occupation matrix (subspace #          29 , spin            1 )
   0.02379  -0.00000  -0.00000   0.00024  -0.00000
  -0.00000   0.02568   0.00043   0.00000   0.00242
  -0.00000   0.00043   0.01682   0.00000  -0.00005
   0.00024   0.00000   0.00000   0.02415   0.00000
  -0.00000   0.00242  -0.00005   0.00000   0.01729
   occupation matrix (subspace #          30 , spin            1 )
   0.02415  -0.00024   0.00000   0.00000  -0.00000
  -0.00024   0.02379  -0.00000  -0.00000   0.00000
   0.00000  -0.00000   0.01714   0.00231   0.00023
   0.00000  -0.00000   0.00231   0.02568   0.00084
  -0.00000   0.00000   0.00023   0.00084   0.01698
   occupation matrix (subspace #          31 , spin            1 )
   0.02569   0.00000   0.00188   0.00000  -0.00159
   0.00000   0.02415  -0.00000   0.00024  -0.00000
   0.00188  -0.00000   0.01722   0.00000  -0.00018
   0.00000   0.00024   0.00000   0.02379   0.00000
  -0.00159  -0.00000  -0.00018   0.00000   0.01690
   occupation matrix (subspace #          32 , spin            1 )
   0.02379  -0.00000  -0.00000   0.00024   0.00000
  -0.00000   0.02568   0.00043  -0.00000   0.00242
  -0.00000   0.00043   0.01682   0.00000  -0.00005
   0.00024  -0.00000   0.00000   0.02415  -0.00000
   0.00000   0.00242  -0.00005  -0.00000   0.01729
   occupation matrix (subspace #          33 , spin            1 )
   1.78462   0.00838   0.01586
   0.00838   1.77382   0.00507
   0.01586   0.00507   1.80675
   occupation matrix (subspace #          34 , spin            1 )
   1.78462  -0.00838  -0.01586
  -0.00838   1.77382   0.00507
  -0.01586   0.00507   1.80675
   occupation matrix (subspace #          35 , spin            1 )
   1.78462  -0.00838   0.01586
  -0.00838   1.77382  -0.00507
   0.01586  -0.00507   1.80675
   occupation matrix (subspace #          36 , spin            1 )
   1.78462   0.00838  -0.01586
   0.00838   1.77382  -0.00507
  -0.01586  -0.00507   1.80675
   occupation matrix (subspace #          37 , spin            1 )
   1.80675  -0.01586   0.00507
  -0.01586   1.78462  -0.00838
   0.00507  -0.00838   1.77381
   occupation matrix (subspace #          38 , spin            1 )
   1.80675   0.01586   0.00507
   0.01586   1.78462   0.00838
   0.00507   0.00838   1.77381
   occupation matrix (subspace #          39 , spin            1 )
   1.80675  -0.01586  -0.00507
  -0.01586   1.78462   0.00838
  -0.00507   0.00838   1.77381
   occupation matrix (subspace #          40 , spin            1 )
   1.80675   0.01586  -0.00507
   0.01586   1.78462  -0.00838
  -0.00507  -0.00838   1.77381
   occupation matrix (subspace #          41 , spin            1 )
   1.77382  -0.00507  -0.00839
  -0.00507   1.80675   0.01585
  -0.00839   0.01585   1.78461
   occupation matrix (subspace #          42 , spin            1 )
   1.77382  -0.00507   0.00839
  -0.00507   1.80675  -0.01585
   0.00839  -0.01585   1.78461
   occupation matrix (subspace #          43 , spin            1 )
   1.77382   0.00507   0.00839
   0.00507   1.80675   0.01585
   0.00839   0.01585   1.78461
   occupation matrix (subspace #          44 , spin            1 )
   1.77382   0.00507  -0.00839
   0.00507   1.80675  -0.01585
  -0.00839  -0.01585   1.78461
   occupation matrix (subspace #          45 , spin            1 )
   1.78462   0.00838   0.01586
   0.00838   1.77382   0.00507
   0.01586   0.00507   1.80675
   occupation matrix (subspace #          46 , spin            1 )
   1.78462  -0.00838  -0.01586
  -0.00838   1.77382   0.00507
  -0.01586   0.00507   1.80675
   occupation matrix (subspace #          47 , spin            1 )
   1.78462  -0.00838   0.01586
  -0.00838   1.77382  -0.00507
   0.01586  -0.00507   1.80675
   occupation matrix (subspace #          48 , spin            1 )
   1.78462   0.00838  -0.01586
   0.00838   1.77382  -0.00507
  -0.01586  -0.00507   1.80675
   occupation matrix (subspace #          49 , spin            1 )
   1.80675  -0.01586   0.00507
  -0.01586   1.78462  -0.00838
   0.00507  -0.00838   1.77381
   occupation matrix (subspace #          50 , spin            1 )
   1.80675   0.01586   0.00507
   0.01586   1.78462   0.00838
   0.00507   0.00838   1.77381
   occupation matrix (subspace #          51 , spin            1 )
   1.80675  -0.01586  -0.00507
  -0.01586   1.78462   0.00838
  -0.00507   0.00838   1.77381
   occupation matrix (subspace #          52 , spin            1 )
   1.80675   0.01586  -0.00507
   0.01586   1.78462  -0.00838
  -0.00507  -0.00838   1.77381
   occupation matrix (subspace #          53 , spin            1 )
   1.77382  -0.00507  -0.00839
  -0.00507   1.80675   0.01585
  -0.00839   0.01585   1.78461
   occupation matrix (subspace #          54 , spin            1 )
   1.77382  -0.00507   0.00839
  -0.00507   1.80675  -0.01585
   0.00839  -0.01585   1.78461
   occupation matrix (subspace #          55 , spin            1 )
   1.77382   0.00507   0.00839
   0.00507   1.80675   0.01585
   0.00839   0.01585   1.78461
   occupation matrix (subspace #          56 , spin            1 )
   1.77382   0.00507  -0.00839
   0.00507   1.80675  -0.01585
  -0.00839  -0.01585   1.78461
   occupation matrix (subspace #          57 , spin            1 )
   1.78462   0.00838   0.01586
   0.00838   1.77382   0.00507
   0.01586   0.00507   1.80675
   occupation matrix (subspace #          58 , spin            1 )
   1.78462  -0.00838  -0.01586
  -0.00838   1.77382   0.00507
  -0.01586   0.00507   1.80675
   occupation matrix (subspace #          59 , spin            1 )
   1.78462  -0.00838   0.01586
  -0.00838   1.77382  -0.00507
   0.01586  -0.00507   1.80675
   occupation matrix (subspace #          60 , spin            1 )
   1.78462   0.00838  -0.01586
   0.00838   1.77382  -0.00507
  -0.01586  -0.00507   1.80675
   occupation matrix (subspace #          61 , spin            1 )
   1.80675  -0.01586   0.00507
  -0.01586   1.78462  -0.00838
   0.00507  -0.00838   1.77381
   occupation matrix (subspace #          62 , spin            1 )
   1.80675   0.01586   0.00507
   0.01586   1.78462   0.00838
   0.00507   0.00838   1.77381
   occupation matrix (subspace #          63 , spin            1 )
   1.80675  -0.01586  -0.00507
  -0.01586   1.78462   0.00838
  -0.00507   0.00838   1.77381
   occupation matrix (subspace #          64 , spin            1 )
   1.80675   0.01586  -0.00507
   0.01586   1.78462  -0.00838
  -0.00507  -0.00838   1.77381
   occupation matrix (subspace #          65 , spin            1 )
   1.77382  -0.00507  -0.00839
  -0.00507   1.80675   0.01585
  -0.00839   0.01585   1.78461
   occupation matrix (subspace #          66 , spin            1 )
   1.77382  -0.00507   0.00839
  -0.00507   1.80675  -0.01585
   0.00839  -0.01585   1.78461
   occupation matrix (subspace #          67 , spin            1 )
   1.77382   0.00507   0.00839
   0.00507   1.80675   0.01585
   0.00839   0.01585   1.78461
   occupation matrix (subspace #          68 , spin            1 )
   1.77382   0.00507  -0.00839
   0.00507   1.80675  -0.01585
  -0.00839  -0.01585   1.78461
   occupation matrix (subspace #          69 , spin            1 )
   1.78462   0.00838   0.01586
   0.00838   1.77382   0.00507
   0.01586   0.00507   1.80675
   occupation matrix (subspace #          70 , spin            1 )
   1.78462  -0.00838  -0.01586
  -0.00838   1.77382   0.00507
  -0.01586   0.00507   1.80675
   occupation matrix (subspace #          71 , spin            1 )
   1.78462  -0.00838   0.01586
  -0.00838   1.77382  -0.00507
   0.01586  -0.00507   1.80675
   occupation matrix (subspace #          72 , spin            1 )
   1.78462   0.00838  -0.01586
   0.00838   1.77382  -0.00507
  -0.01586  -0.00507   1.80675
   occupation matrix (subspace #          73 , spin            1 )
   1.80675  -0.01586   0.00507
  -0.01586   1.78462  -0.00838
   0.00507  -0.00838   1.77381
   occupation matrix (subspace #          74 , spin            1 )
   1.80675   0.01586   0.00507
   0.01586   1.78462   0.00838
   0.00507   0.00838   1.77381
   occupation matrix (subspace #          75 , spin            1 )
   1.80675  -0.01586  -0.00507
  -0.01586   1.78462   0.00838
  -0.00507   0.00838   1.77381
   occupation matrix (subspace #          76 , spin            1 )
   1.80675   0.01586  -0.00507
   0.01586   1.78462  -0.00838
  -0.00507  -0.00838   1.77381
   occupation matrix (subspace #          77 , spin            1 )
   1.77382  -0.00507  -0.00839
  -0.00507   1.80675   0.01585
  -0.00839   0.01585   1.78461
   occupation matrix (subspace #          78 , spin            1 )
   1.77382  -0.00507   0.00839
  -0.00507   1.80675  -0.01585
   0.00839  -0.01585   1.78461
   occupation matrix (subspace #          79 , spin            1 )
   1.77382   0.00507   0.00839
   0.00507   1.80675   0.01585
   0.00839   0.01585   1.78461
   occupation matrix (subspace #          80 , spin            1 )
   1.77382   0.00507  -0.00839
   0.00507   1.80675  -0.01585
  -0.00839  -0.01585   1.78461
