   occupation matrix (subspace #           1 , spin            1 )
   3.03548  -0.07889   0.00000  -0.00000  -0.00000
  -0.07889   0.02142  -0.00000   0.00000   0.00000
   0.00000  -0.00000   3.06628  -0.02006  -0.03585
  -0.00000   0.00000  -0.02006   0.01980  -0.07063
  -0.00000   0.00000  -0.03585  -0.07063   3.15395
   occupation matrix (subspace #           2 , spin            1 )
   3.03548   0.07889  -0.00000  -0.00000   0.00000
   0.07889   0.02142   0.00000  -0.00000   0.00000
  -0.00000   0.00000   3.06628   0.02006  -0.03585
  -0.00000  -0.00000   0.02006   0.01980   0.07063
   0.00000   0.00000  -0.03585   0.07063   3.15395
   occupation matrix (subspace #           3 , spin            1 )
   3.03548  -0.07889  -0.00000   0.00000   0.00000
  -0.07889   0.02142  -0.00000  -0.00000  -0.00000
  -0.00000  -0.00000   3.06628  -0.02006  -0.03585
   0.00000  -0.00000  -0.02006   0.01980  -0.07063
   0.00000  -0.00000  -0.03585  -0.07063   3.15395
   occupation matrix (subspace #           4 , spin            1 )
   3.03548   0.07889  -0.00000   0.00000  -0.00000
   0.07889   0.02142   0.00000   0.00000  -0.00000
  -0.00000   0.00000   3.06628   0.02006  -0.03585
   0.00000   0.00000   0.02006   0.01980   0.07063
  -0.00000  -0.00000  -0.03585   0.07063   3.15395
   occupation matrix (subspace #           5 , spin            1 )
   1.68990   0.00000   0.00000
   0.00000   1.35214   0.09949
   0.00000   0.09949   1.72097
   occupation matrix (subspace #           6 , spin            1 )
   1.68990   0.00000   0.00000
   0.00000   1.35214  -0.09949
   0.00000  -0.09949   1.72097
   occupation matrix (subspace #           7 , spin            1 )
   1.68990  -0.00000  -0.00000
  -0.00000   1.35214   0.09949
  -0.00000   0.09949   1.72097
   occupation matrix (subspace #           8 , spin            1 )
   1.68990  -0.00000   0.00000
  -0.00000   1.35214  -0.09949
   0.00000  -0.09949   1.72097
   occupation matrix (subspace #           9 , spin            1 )
   1.67764   0.00000  -0.00000
   0.00000   1.61718   0.20625
  -0.00000   0.20625   1.46641
   occupation matrix (subspace #          10 , spin            1 )
   1.67764   0.00000   0.00000
   0.00000   1.61718  -0.20625
   0.00000  -0.20625   1.46641
   occupation matrix (subspace #          11 , spin            1 )
   1.67764   0.00000  -0.00000
   0.00000   1.61718   0.20625
  -0.00000   0.20625   1.46641
   occupation matrix (subspace #          12 , spin            1 )
   1.67764   0.00000  -0.00000
   0.00000   1.61718  -0.20625
  -0.00000  -0.20625   1.46641
   occupation matrix (subspace #          13 , spin            1 )
   1.46790   0.22526  -0.19723
   0.22526   1.71196   0.08784
  -0.19723   0.08784   1.57300
   occupation matrix (subspace #          14 , spin            1 )
   1.46790   0.22526   0.19723
   0.22526   1.71196  -0.08784
   0.19723  -0.08784   1.57300
   occupation matrix (subspace #          15 , spin            1 )
   1.46790  -0.22526   0.19723
  -0.22526   1.71196   0.08784
   0.19723   0.08784   1.57300
   occupation matrix (subspace #          16 , spin            1 )
   1.46790  -0.22526  -0.19723
  -0.22526   1.71196  -0.08784
  -0.19723  -0.08784   1.57300
   occupation matrix (subspace #          17 , spin            1 )
   1.46790   0.22526  -0.19723
   0.22526   1.71196   0.08784
  -0.19723   0.08784   1.57300
   occupation matrix (subspace #          18 , spin            1 )
   1.46790   0.22526   0.19723
   0.22526   1.71196  -0.08784
   0.19723  -0.08784   1.57300
   occupation matrix (subspace #          19 , spin            1 )
   1.46790  -0.22526   0.19723
  -0.22526   1.71196   0.08784
   0.19723   0.08784   1.57300
   occupation matrix (subspace #          20 , spin            1 )
   1.46790  -0.22526  -0.19723
  -0.22526   1.71196  -0.08784
  -0.19723  -0.08784   1.57300
