   occupation matrix (subspace #           1 , spin            1 )
   0.08964  -0.00329   0.00148   0.00148  -0.01172
  -0.00329   0.09392  -0.00675  -0.00184  -0.00955
   0.00148  -0.00675   0.07293  -0.00925   0.00023
   0.00148  -0.00184  -0.00925   0.09036   0.00738
  -0.01172  -0.00955   0.00023   0.00738   0.06950
   occupation matrix (subspace #           2 , spin            1 )
   0.08964  -0.00329  -0.00148  -0.00148   0.01172
  -0.00329   0.09392   0.00675   0.00184   0.00955
  -0.00148   0.00675   0.07293  -0.00925   0.00023
  -0.00148   0.00184  -0.00925   0.09036   0.00738
   0.01172   0.00955   0.00023   0.00738   0.06950
   occupation matrix (subspace #           3 , spin            1 )
   0.08964  -0.00329   0.00148   0.00148  -0.01172
  -0.00329   0.09392  -0.00675  -0.00184  -0.00955
   0.00148  -0.00675   0.07293  -0.00925   0.00023
   0.00148  -0.00184  -0.00925   0.09036   0.00738
  -0.01172  -0.00955   0.00023   0.00738   0.06950
   occupation matrix (subspace #           4 , spin            1 )
   0.08964  -0.00329  -0.00148  -0.00148   0.01172
  -0.00329   0.09392   0.00675   0.00184   0.00955
  -0.00148   0.00675   0.07293  -0.00925   0.00023
  -0.00148   0.00184  -0.00925   0.09036   0.00738
   0.01172   0.00955   0.00023   0.00738   0.06950
   occupation matrix (subspace #           5 , spin            1 )
   0.08779   0.00014   0.00062   0.00171   0.01208
   0.00014   0.09637   0.00699  -0.00139  -0.00029
   0.00062   0.00699   0.07151   0.00910  -0.00030
   0.00171  -0.00139   0.00910   0.09034  -0.00818
   0.01208  -0.00029  -0.00030  -0.00818   0.06938
   occupation matrix (subspace #           6 , spin            1 )
   0.08779   0.00014  -0.00062  -0.00171  -0.01208
   0.00014   0.09637  -0.00698   0.00139   0.00029
  -0.00062  -0.00698   0.07151   0.00910  -0.00030
  -0.00171   0.00139   0.00910   0.09034  -0.00818
  -0.01208   0.00029  -0.00030  -0.00818   0.06938
   occupation matrix (subspace #           7 , spin            1 )
   0.08779   0.00014   0.00062   0.00171   0.01208
   0.00014   0.09637   0.00698  -0.00139  -0.00029
   0.00062   0.00698   0.07151   0.00910  -0.00030
   0.00171  -0.00139   0.00910   0.09034  -0.00818
   0.01208  -0.00029  -0.00030  -0.00818   0.06938
   occupation matrix (subspace #           8 , spin            1 )
   0.08779   0.00014  -0.00062  -0.00171  -0.01208
   0.00014   0.09637  -0.00699   0.00139   0.00029
  -0.00062  -0.00699   0.07151   0.00910  -0.00030
  -0.00171   0.00139   0.00910   0.09034  -0.00818
  -0.01208   0.00029  -0.00030  -0.00818   0.06938
   occupation matrix (subspace #           9 , spin            1 )
   1.66768  -0.01095   0.00728
  -0.01095   1.67254  -0.01764
   0.00728  -0.01764   1.49541
   occupation matrix (subspace #          10 , spin            1 )
   1.66768   0.01095  -0.00728
   0.01095   1.67254  -0.01764
  -0.00728  -0.01764   1.49541
   occupation matrix (subspace #          11 , spin            1 )
   1.66768  -0.01095   0.00728
  -0.01095   1.67254  -0.01764
   0.00728  -0.01764   1.49541
   occupation matrix (subspace #          12 , spin            1 )
   1.66768   0.01095  -0.00728
   0.01095   1.67254  -0.01764
  -0.00728  -0.01764   1.49541
   occupation matrix (subspace #          13 , spin            1 )
   1.66959   0.01037   0.00777
   0.01037   1.67525   0.01951
   0.00777   0.01951   1.50154
   occupation matrix (subspace #          14 , spin            1 )
   1.66959  -0.01037  -0.00777
  -0.01037   1.67525   0.01951
  -0.00777   0.01951   1.50154
   occupation matrix (subspace #          15 , spin            1 )
   1.66959   0.01037   0.00777
   0.01037   1.67525   0.01951
   0.00777   0.01951   1.50154
   occupation matrix (subspace #          16 , spin            1 )
   1.66958  -0.01037  -0.00777
  -0.01037   1.67525   0.01951
  -0.00777   0.01951   1.50154
   occupation matrix (subspace #          17 , spin            1 )
   1.48939   0.01753  -0.01370
   0.01753   1.63526   0.01059
  -0.01370   0.01059   1.60994
   occupation matrix (subspace #          18 , spin            1 )
   1.48939  -0.01753   0.01370
  -0.01753   1.63526   0.01059
   0.01370   0.01059   1.60994
   occupation matrix (subspace #          19 , spin            1 )
   1.48939   0.01753  -0.01370
   0.01753   1.63526   0.01059
  -0.01370   0.01059   1.60994
   occupation matrix (subspace #          20 , spin            1 )
   1.48939  -0.01753   0.01370
  -0.01753   1.63527   0.01059
   0.01370   0.01059   1.60994
   occupation matrix (subspace #          21 , spin            1 )
   1.48988  -0.00814   0.01752
  -0.00814   1.64039  -0.00319
   0.01752  -0.00319   1.60872
   occupation matrix (subspace #          22 , spin            1 )
   1.48988   0.00813  -0.01752
   0.00813   1.64039  -0.00319
  -0.01752  -0.00319   1.60872
   occupation matrix (subspace #          23 , spin            1 )
   1.48988  -0.00813   0.01752
  -0.00813   1.64039  -0.00319
   0.01752  -0.00319   1.60872
   occupation matrix (subspace #          24 , spin            1 )
   1.48988   0.00814  -0.01752
   0.00814   1.64039  -0.00319
  -0.01752  -0.00319   1.60872
   occupation matrix (subspace #          25 , spin            1 )
   1.59208   0.00516   0.00469
   0.00516   1.48189   0.01876
   0.00469   0.01876   1.58342
   occupation matrix (subspace #          26 , spin            1 )
   1.59208  -0.00516  -0.00469
  -0.00516   1.48189   0.01876
  -0.00469   0.01876   1.58342
   occupation matrix (subspace #          27 , spin            1 )
   1.59208   0.00516   0.00469
   0.00516   1.48189   0.01876
   0.00469   0.01876   1.58342
   occupation matrix (subspace #          28 , spin            1 )
   1.59208  -0.00516  -0.00469
  -0.00516   1.48189   0.01876
  -0.00469   0.01876   1.58342
   occupation matrix (subspace #          29 , spin            1 )
   1.59635   0.02135   0.01092
   0.02135   1.47826  -0.01767
   0.01092  -0.01767   1.57964
   occupation matrix (subspace #          30 , spin            1 )
   1.59635  -0.02135  -0.01092
  -0.02135   1.47826  -0.01767
  -0.01092  -0.01767   1.57964
   occupation matrix (subspace #          31 , spin            1 )
   1.59635   0.02135   0.01092
   0.02135   1.47826  -0.01767
   0.01092  -0.01767   1.57964
   occupation matrix (subspace #          32 , spin            1 )
   1.59635  -0.02135  -0.01092
  -0.02135   1.47826  -0.01767
  -0.01092  -0.01767   1.57964
