   occupation matrix (subspace #           1 , spin            1 )
   0.04189   0.00000  -0.00182  -0.00000  -0.00235
   0.00000   0.05240  -0.00000   0.00663  -0.00000
  -0.00182  -0.00000   0.04934   0.00001   0.00085
  -0.00000   0.00663   0.00001   0.05403  -0.00001
  -0.00235  -0.00000   0.00085  -0.00001   0.03303
   occupation matrix (subspace #           2 , spin            1 )
   0.04189   0.00000  -0.00182  -0.00000  -0.00235
   0.00000   0.05240  -0.00000   0.00663  -0.00000
  -0.00182  -0.00000   0.04934   0.00001   0.00085
  -0.00000   0.00663   0.00001   0.05403  -0.00001
  -0.00235  -0.00000   0.00085  -0.00001   0.03303
   occupation matrix (subspace #           3 , spin            1 )
   0.04189   0.00000   0.00182   0.00000   0.00235
   0.00000   0.05240   0.00000  -0.00663   0.00000
   0.00182   0.00000   0.04934   0.00000   0.00085
   0.00000  -0.00663   0.00000   0.05403  -0.00000
   0.00235   0.00000   0.00085  -0.00000   0.03303
   occupation matrix (subspace #           4 , spin            1 )
   0.04189   0.00000   0.00182   0.00000   0.00235
   0.00000   0.05240   0.00000  -0.00663   0.00000
   0.00182   0.00000   0.04934   0.00000   0.00085
   0.00000  -0.00663   0.00000   0.05403  -0.00000
   0.00235   0.00000   0.00085  -0.00000   0.03303
   occupation matrix (subspace #           5 , spin            1 )
   2.25298   0.09362  -0.04665
   0.09362   0.98407   0.14110
  -0.04665   0.14110   2.15795
   occupation matrix (subspace #           6 , spin            1 )
   2.25300  -0.09345  -0.04660
  -0.09345   0.98404  -0.14120
  -0.04660  -0.14120   2.15788
   occupation matrix (subspace #           7 , spin            1 )
   2.25302   0.09334   0.04658
   0.09334   0.98402  -0.14123
   0.04658  -0.14123   2.15787
   occupation matrix (subspace #           8 , spin            1 )
   2.25296  -0.09375   0.04667
  -0.09375   0.98409   0.14106
   0.04667   0.14106   2.15797
   occupation matrix (subspace #           9 , spin            1 )
   2.25298   0.09363  -0.04665
   0.09363   0.98407   0.14109
  -0.04665   0.14109   2.15796
   occupation matrix (subspace #          10 , spin            1 )
   2.25300  -0.09346  -0.04660
  -0.09346   0.98404  -0.14119
  -0.04660  -0.14119   2.15788
   occupation matrix (subspace #          11 , spin            1 )
   2.25302   0.09333   0.04657
   0.09333   0.98402  -0.14124
   0.04657  -0.14124   2.15786
   occupation matrix (subspace #          12 , spin            1 )
   2.25296  -0.09374   0.04667
  -0.09374   0.98409   0.14106
   0.04667   0.14106   2.15797
   occupation matrix (subspace #          13 , spin            1 )
   1.88683   0.01004   0.00002
   0.01004   1.91565  -0.00000
   0.00002  -0.00000   1.89402
   occupation matrix (subspace #          14 , spin            1 )
   1.88683  -0.01004  -0.00002
  -0.01004   1.91565  -0.00000
  -0.00002  -0.00000   1.89403
   occupation matrix (subspace #          15 , spin            1 )
   1.88683   0.01004   0.00002
   0.01004   1.91565  -0.00000
   0.00002  -0.00000   1.89402
   occupation matrix (subspace #          16 , spin            1 )
   1.88683  -0.01004  -0.00002
  -0.01004   1.91565  -0.00000
  -0.00002  -0.00000   1.89403
