   occupation matrix (subspace #           1 , spin            1 )
   1.48354   0.00000  -0.00000   0.83131   0.00000
   0.00000   0.96216   0.14696   0.00000  -0.76824
  -0.00000   0.14696   2.15675   0.00000   0.10039
   0.83131   0.00000   0.00000   1.14916  -0.00000
   0.00000  -0.76824   0.10039  -0.00000   1.68334
   occupation matrix (subspace #           2 , spin            1 )
   1.48354  -0.00000   0.00000   0.83131  -0.00000
  -0.00000   0.96216   0.14696   0.00000  -0.76824
   0.00000   0.14696   2.15675  -0.00000   0.10039
   0.83131   0.00000  -0.00000   1.14916   0.00000
  -0.00000  -0.76824   0.10039   0.00000   1.68334
   occupation matrix (subspace #           3 , spin            1 )
   1.48354  -0.00000   0.00000   0.83131  -0.00000
  -0.00000   0.96216   0.14696  -0.00000  -0.76824
   0.00000   0.14696   2.15675  -0.00000   0.10039
   0.83131  -0.00000  -0.00000   1.14916   0.00000
  -0.00000  -0.76824   0.10039   0.00000   1.68334
   occupation matrix (subspace #           4 , spin            1 )
   1.66369  -0.01305  -0.00000
  -0.01305   1.82961  -0.00000
  -0.00000  -0.00000   1.65930
   occupation matrix (subspace #           5 , spin            1 )
   1.66369  -0.01305   0.00000
  -0.01305   1.82961   0.00000
   0.00000   0.00000   1.65930
   occupation matrix (subspace #           6 , spin            1 )
   1.66369  -0.01305  -0.00000
  -0.01305   1.82961  -0.00000
  -0.00000  -0.00000   1.65930
   occupation matrix (subspace #           7 , spin            1 )
   1.66369  -0.01305   0.00000
  -0.01305   1.82961   0.00000
   0.00000   0.00000   1.65930
   occupation matrix (subspace #           8 , spin            1 )
   1.66369  -0.01305  -0.00000
  -0.01305   1.82961  -0.00000
  -0.00000  -0.00000   1.65930
   occupation matrix (subspace #           9 , spin            1 )
   1.66369  -0.01305   0.00000
  -0.01305   1.82961   0.00000
   0.00000   0.00000   1.65930
