   occupation matrix (subspace #           1 , spin            1 )
   0.02823   0.00023  -0.00092   0.00101   0.00330
   0.00023   0.02855   0.00642   0.00803  -0.00206
  -0.00092   0.00642   0.03336   0.00586  -0.00193
   0.00101   0.00803   0.00586   0.03206  -0.00506
   0.00330  -0.00206  -0.00193  -0.00506   0.03583
   occupation matrix (subspace #           2 , spin            1 )
   0.02802   0.00017  -0.00094   0.00095   0.00334
   0.00017   0.02854   0.00639   0.00806  -0.00204
  -0.00094   0.00639   0.03332   0.00589  -0.00198
   0.00095   0.00806   0.00589   0.03206  -0.00510
   0.00334  -0.00204  -0.00198  -0.00510   0.03570
   occupation matrix (subspace #           3 , spin            1 )
   0.02815  -0.00001   0.00096  -0.00096  -0.00353
  -0.00001   0.02871  -0.00642  -0.00800   0.00223
   0.00096  -0.00642   0.03329   0.00568  -0.00191
  -0.00096  -0.00800   0.00568   0.03221  -0.00524
  -0.00353   0.00223  -0.00191  -0.00524   0.03579
   occupation matrix (subspace #           4 , spin            1 )
   0.02836   0.00007   0.00095  -0.00100  -0.00353
   0.00007   0.02871  -0.00645  -0.00796   0.00224
   0.00095  -0.00645   0.03330   0.00565  -0.00186
  -0.00100  -0.00796   0.00565   0.03218  -0.00520
  -0.00353   0.00224  -0.00186  -0.00520   0.03595
   occupation matrix (subspace #           5 , spin            1 )
   1.72948   0.59341  -0.17662
   0.59341   1.56976   0.20496
  -0.17662   0.20496   2.16054
   occupation matrix (subspace #           6 , spin            1 )
   1.58363   0.61791  -0.05386
   0.61791   1.48452   0.05872
  -0.05386   0.05872   2.13398
   occupation matrix (subspace #           7 , spin            1 )
   1.59749  -0.61924   0.04632
  -0.61924   1.47088   0.05072
   0.04632   0.05072   2.13453
   occupation matrix (subspace #           8 , spin            1 )
   1.74213  -0.59451   0.16711
  -0.59451   1.55190   0.19962
   0.16711   0.19962   2.16760
   occupation matrix (subspace #           9 , spin            1 )
   1.72883   0.59323  -0.17699
   0.59323   1.57054   0.20516
  -0.17699   0.20516   2.16181
   occupation matrix (subspace #          10 , spin            1 )
   1.58279   0.61776  -0.05445
   0.61776   1.48514   0.05889
  -0.05445   0.05889   2.13319
   occupation matrix (subspace #          11 , spin            1 )
   1.59987  -0.61863   0.04809
  -0.61863   1.46888   0.05222
   0.04809   0.05222   2.13296
   occupation matrix (subspace #          12 , spin            1 )
   1.73843  -0.59489   0.16688
  -0.59489   1.55463   0.19877
   0.16688   0.19877   2.16972
   occupation matrix (subspace #          13 , spin            1 )
   2.02085   0.02625   0.03446
   0.02625   2.04321   0.01183
   0.03446   0.01183   2.04013
   occupation matrix (subspace #          14 , spin            1 )
   2.02063  -0.02615  -0.03343
  -0.02615   2.04286   0.01316
  -0.03343   0.01316   2.04008
   occupation matrix (subspace #          15 , spin            1 )
   2.02090   0.02635   0.03543
   0.02635   2.04328   0.01204
   0.03543   0.01204   2.04042
   occupation matrix (subspace #          16 , spin            1 )
   2.02104  -0.02613  -0.03425
  -0.02613   2.04322   0.01304
  -0.03425   0.01304   2.04100
