   occupation matrix (subspace #           1 , spin            1 )
   0.33276  -0.00000   0.06285  -0.00000   0.00003
  -0.00000   0.26738   0.00000  -0.10061   0.00000
   0.06285   0.00000   0.24885   0.00000  -0.00007
  -0.00000  -0.10061   0.00000   0.26743  -0.00000
   0.00003   0.00000  -0.00007  -0.00000   0.16114
   occupation matrix (subspace #           2 , spin            1 )
   0.34173  -0.01134  -0.09318   0.01134  -0.00003
  -0.01134   0.28172  -0.00011   0.10163  -0.00254
  -0.09318  -0.00011   0.19779   0.00011  -0.00000
   0.01134   0.10163   0.00011   0.28173  -0.00253
  -0.00003  -0.00254  -0.00000  -0.00253   0.16186
   occupation matrix (subspace #           3 , spin            1 )
   0.34304   0.00170   0.06383  -0.00173  -0.00001
   0.00170   0.26799  -0.00319  -0.10198   0.00051
   0.06383  -0.00319   0.23389   0.00322   0.00001
  -0.00173  -0.10198   0.00322   0.26798   0.00051
  -0.00001   0.00051   0.00001   0.00051   0.16077
   occupation matrix (subspace #           4 , spin            1 )
   0.34173   0.01134  -0.09318  -0.01134  -0.00003
   0.01134   0.28172   0.00011   0.10163   0.00254
  -0.09318   0.00011   0.19779  -0.00011  -0.00000
  -0.01134   0.10163  -0.00011   0.28173   0.00253
  -0.00003   0.00254  -0.00000   0.00253   0.16186
   occupation matrix (subspace #           5 , spin            1 )
   0.34304  -0.00170   0.06383   0.00173  -0.00001
  -0.00170   0.26799   0.00319  -0.10198  -0.00051
   0.06383   0.00319   0.23389  -0.00322   0.00001
   0.00173  -0.10198  -0.00322   0.26798  -0.00051
  -0.00001  -0.00051   0.00001  -0.00051   0.16077
   occupation matrix (subspace #           6 , spin            1 )
   0.34286  -0.00000  -0.09421   0.00000   0.00004
  -0.00000   0.27998  -0.00000   0.10573  -0.00000
  -0.09421  -0.00000   0.20270  -0.00000   0.00002
   0.00000   0.10573  -0.00000   0.28000   0.00000
   0.00004  -0.00000   0.00002   0.00000   0.16111
   occupation matrix (subspace #           7 , spin            1 )
   0.28280  -0.00000   0.10958  -0.00000   0.00075
  -0.00000   0.27605  -0.00000  -0.10367   0.00000
   0.10958  -0.00000   0.20373  -0.00000   0.01030
  -0.00000  -0.10367  -0.00000   0.28149  -0.00000
   0.00075   0.00000   0.01030  -0.00000   0.21827
   occupation matrix (subspace #           8 , spin            1 )
   0.29718   0.00013  -0.11126   0.00033   0.00149
   0.00013   0.28553   0.00150   0.10451  -0.00026
  -0.11126   0.00150   0.20097  -0.00005  -0.00135
   0.00033   0.10451  -0.00005   0.28118   0.00049
   0.00149  -0.00026  -0.00135   0.00049   0.17151
   occupation matrix (subspace #           9 , spin            1 )
   0.28664   0.00166   0.11103  -0.00092   0.00503
   0.00166   0.27771  -0.00121  -0.10443   0.00644
   0.11103  -0.00121   0.19680   0.00075  -0.00104
  -0.00092  -0.10443   0.00075   0.27796   0.00387
   0.00503   0.00644  -0.00104   0.00387   0.21810
   occupation matrix (subspace #          10 , spin            1 )
   0.29718  -0.00013  -0.11126  -0.00033   0.00149
  -0.00013   0.28553  -0.00150   0.10451   0.00026
  -0.11126  -0.00150   0.20097   0.00005  -0.00135
  -0.00033   0.10451   0.00005   0.28118  -0.00049
   0.00149   0.00026  -0.00135  -0.00049   0.17151
   occupation matrix (subspace #          11 , spin            1 )
   0.28664  -0.00166   0.11103   0.00092   0.00503
  -0.00166   0.27771   0.00121  -0.10443  -0.00644
   0.11103   0.00121   0.19680  -0.00075  -0.00104
   0.00092  -0.10443  -0.00075   0.27796  -0.00387
   0.00503  -0.00644  -0.00104  -0.00387   0.21810
   occupation matrix (subspace #          12 , spin            1 )
   0.29784  -0.00000  -0.11156  -0.00000   0.00142
  -0.00000   0.28214  -0.00000   0.10377   0.00000
  -0.11156  -0.00000   0.20031  -0.00000  -0.00063
  -0.00000   0.10377  -0.00000   0.28318  -0.00000
   0.00142   0.00000  -0.00063  -0.00000   0.17269
   occupation matrix (subspace #          13 , spin            1 )
   0.29373   0.00000   0.11165  -0.00000   0.00115
   0.00000   0.28037  -0.00000  -0.10316   0.00000
   0.11165  -0.00000   0.20463   0.00000  -0.00055
  -0.00000  -0.10316   0.00000   0.28823  -0.00000
   0.00115   0.00000  -0.00055  -0.00000   0.17883
   occupation matrix (subspace #          14 , spin            1 )
   0.29448   0.00210  -0.11144  -0.00168   0.00130
   0.00210   0.28873   0.00094   0.10051   0.00120
  -0.11144   0.00094   0.19770  -0.00008  -0.00076
  -0.00168   0.10051  -0.00008   0.28884   0.00126
   0.00130   0.00120  -0.00076   0.00126   0.16957
   occupation matrix (subspace #          15 , spin            1 )
   0.29317   0.00025   0.11084  -0.00034  -0.00078
   0.00025   0.28293  -0.00119  -0.10575   0.00144
   0.11084  -0.00119   0.19959   0.00173   0.00100
  -0.00034  -0.10575   0.00173   0.28433   0.00100
  -0.00078   0.00144   0.00100   0.00100   0.17745
   occupation matrix (subspace #          16 , spin            1 )
   0.29448  -0.00210  -0.11144   0.00168   0.00130
  -0.00210   0.28873  -0.00094   0.10051  -0.00120
  -0.11144  -0.00094   0.19770   0.00008  -0.00076
   0.00168   0.10051   0.00008   0.28884  -0.00126
   0.00130  -0.00120  -0.00076  -0.00126   0.16957
   occupation matrix (subspace #          17 , spin            1 )
   0.29317  -0.00025   0.11084   0.00034  -0.00078
  -0.00025   0.28293   0.00119  -0.10575  -0.00144
   0.11084   0.00119   0.19959  -0.00173   0.00100
   0.00034  -0.10575  -0.00173   0.28433  -0.00100
  -0.00078  -0.00144   0.00100  -0.00100   0.17745
   occupation matrix (subspace #          18 , spin            1 )
   0.29378  -0.00000  -0.11255  -0.00000   0.00284
  -0.00000   0.29212   0.00000   0.09893   0.00000
  -0.11255   0.00000   0.19755   0.00000  -0.00276
  -0.00000   0.09893   0.00000   0.28422   0.00000
   0.00284   0.00000  -0.00276   0.00000   0.17292
   occupation matrix (subspace #          19 , spin            1 )
   0.28281   0.00000   0.10959  -0.00000  -0.00076
   0.00000   0.28150  -0.00000  -0.10367   0.00000
   0.10959  -0.00000   0.20370  -0.00000  -0.01030
  -0.00000  -0.10367  -0.00000   0.27602   0.00000
  -0.00076   0.00000  -0.01030   0.00000   0.21829
   occupation matrix (subspace #          20 , spin            1 )
   0.29718  -0.00033  -0.11126  -0.00014  -0.00150
  -0.00033   0.28118   0.00004   0.10451   0.00049
  -0.11126   0.00004   0.20097  -0.00152   0.00135
  -0.00014   0.10451  -0.00152   0.28551  -0.00027
  -0.00150   0.00049   0.00135  -0.00027   0.17151
   occupation matrix (subspace #          21 , spin            1 )
   0.28664   0.00092   0.11104  -0.00165  -0.00504
   0.00092   0.27795  -0.00075  -0.10444   0.00385
   0.11104  -0.00075   0.19678   0.00121   0.00104
  -0.00165  -0.10444   0.00121   0.27770   0.00644
  -0.00504   0.00385   0.00104   0.00644   0.21814
   occupation matrix (subspace #          22 , spin            1 )
   0.29718   0.00033  -0.11126   0.00014  -0.00150
   0.00033   0.28118  -0.00004   0.10451  -0.00049
  -0.11126  -0.00004   0.20097   0.00152   0.00135
   0.00014   0.10451   0.00152   0.28551   0.00027
  -0.00150  -0.00049   0.00135   0.00027   0.17151
   occupation matrix (subspace #          23 , spin            1 )
   0.28664  -0.00092   0.11104   0.00165  -0.00504
  -0.00092   0.27795   0.00075  -0.10444  -0.00385
   0.11104   0.00075   0.19678  -0.00121   0.00104
   0.00165  -0.10444  -0.00121   0.27770  -0.00644
  -0.00504  -0.00385   0.00104  -0.00644   0.21814
   occupation matrix (subspace #          24 , spin            1 )
   0.29780  -0.00000  -0.11154   0.00000  -0.00143
  -0.00000   0.28322  -0.00000   0.10378   0.00000
  -0.11154  -0.00000   0.20038  -0.00000   0.00064
   0.00000   0.10378  -0.00000   0.28214  -0.00000
  -0.00143   0.00000   0.00064  -0.00000   0.17267
   occupation matrix (subspace #          25 , spin            1 )
   0.35129   0.00000   0.01671   0.00000  -0.00008
   0.00000   0.26472  -0.00000  -0.09103   0.00000
   0.01671  -0.00000   0.32819   0.00000   0.00008
   0.00000  -0.09103   0.00000   0.26477  -0.00000
  -0.00008   0.00000   0.00008  -0.00000   0.15189
   occupation matrix (subspace #          26 , spin            1 )
   0.31370   0.01962  -0.10841  -0.01962  -0.00002
   0.01962   0.29308   0.00020   0.09415   0.00243
  -0.10841   0.00020   0.19672  -0.00021  -0.00000
  -0.01962   0.09415  -0.00021   0.29310   0.00245
  -0.00002   0.00243  -0.00000   0.00245   0.17151
   occupation matrix (subspace #          27 , spin            1 )
   0.33130   0.00564   0.04426  -0.00562   0.00006
   0.00564   0.28241   0.00421  -0.08141  -0.01936
   0.04426   0.00421   0.32427  -0.00423  -0.00006
  -0.00562  -0.08141  -0.00423   0.28240  -0.01937
   0.00006  -0.01936  -0.00006  -0.01937   0.17590
   occupation matrix (subspace #          28 , spin            1 )
   0.31370  -0.01962  -0.10841   0.01962  -0.00002
  -0.01962   0.29308  -0.00020   0.09415  -0.00242
  -0.10841  -0.00020   0.19672   0.00021  -0.00000
   0.01962   0.09415   0.00021   0.29310  -0.00245
  -0.00002  -0.00242  -0.00000  -0.00245   0.17151
   occupation matrix (subspace #          29 , spin            1 )
   0.33130  -0.00564   0.04426   0.00562   0.00006
  -0.00564   0.28241  -0.00420  -0.08141   0.01936
   0.04426  -0.00420   0.32427   0.00423  -0.00006
   0.00562  -0.08141   0.00423   0.28240   0.01937
   0.00006   0.01936  -0.00006   0.01937   0.17590
   occupation matrix (subspace #          30 , spin            1 )
   0.29018  -0.00000  -0.10529   0.00000  -0.00003
  -0.00000   0.31744   0.00000   0.07012   0.00000
  -0.10529   0.00000   0.19138   0.00000   0.00000
   0.00000   0.07012   0.00000   0.31742  -0.00000
  -0.00003   0.00000   0.00000  -0.00000   0.16570
   occupation matrix (subspace #          31 , spin            1 )
   0.28944   0.00000   0.11165   0.00000  -0.00058
   0.00000   0.28221  -0.00000  -0.10388   0.00000
   0.11165  -0.00000   0.20849   0.00000   0.00429
   0.00000  -0.10388   0.00000   0.28365  -0.00000
  -0.00058   0.00000   0.00429  -0.00000   0.18742
   occupation matrix (subspace #          32 , spin            1 )
   0.29583   0.00214  -0.11303   0.00148  -0.00129
   0.00214   0.28154  -0.00064   0.10443   0.00225
  -0.11303  -0.00064   0.20143  -0.00210   0.00016
   0.00148   0.10443  -0.00210   0.28803  -0.00357
  -0.00129   0.00225   0.00016  -0.00357   0.17350
   occupation matrix (subspace #          33 , spin            1 )
   0.29213   0.00242   0.11086   0.00086   0.00339
   0.00242   0.28296  -0.00122  -0.10491   0.00222
   0.11086  -0.00122   0.20133   0.00163  -0.00083
   0.00086  -0.10491   0.00163   0.28569   0.00244
   0.00339   0.00222  -0.00083   0.00244   0.17829
   occupation matrix (subspace #          34 , spin            1 )
   0.29583  -0.00214  -0.11303  -0.00148  -0.00129
  -0.00214   0.28154   0.00064   0.10443  -0.00225
  -0.11303   0.00064   0.20143   0.00210   0.00016
  -0.00148   0.10443   0.00210   0.28803   0.00357
  -0.00129  -0.00225   0.00016   0.00357   0.17350
   occupation matrix (subspace #          35 , spin            1 )
   0.29213  -0.00242   0.11086  -0.00086   0.00339
  -0.00242   0.28296   0.00122  -0.10491  -0.00222
   0.11086   0.00122   0.20133  -0.00163  -0.00083
  -0.00086  -0.10491  -0.00163   0.28569  -0.00244
   0.00339  -0.00222  -0.00083  -0.00244   0.17829
   occupation matrix (subspace #          36 , spin            1 )
   0.29727   0.00000  -0.11309   0.00000   0.00078
   0.00000   0.28316   0.00000   0.10038   0.00000
  -0.11309   0.00000   0.19702   0.00000  -0.00103
   0.00000   0.10038   0.00000   0.28394  -0.00000
   0.00078   0.00000  -0.00103  -0.00000   0.17854
   occupation matrix (subspace #          37 , spin            1 )
   0.29372   0.00000   0.11166  -0.00000  -0.00113
   0.00000   0.28823   0.00000  -0.10315   0.00000
   0.11166   0.00000   0.20463   0.00000   0.00056
  -0.00000  -0.10315   0.00000   0.28037  -0.00000
  -0.00113   0.00000   0.00056  -0.00000   0.17887
   occupation matrix (subspace #          38 , spin            1 )
   0.29448   0.00167  -0.11144  -0.00210  -0.00132
   0.00167   0.28884   0.00007   0.10052   0.00125
  -0.11144   0.00007   0.19770  -0.00094   0.00076
  -0.00210   0.10052  -0.00094   0.28874   0.00121
  -0.00132   0.00125   0.00076   0.00121   0.16956
   occupation matrix (subspace #          39 , spin            1 )
   0.29315   0.00034   0.11084  -0.00025   0.00078
   0.00034   0.28433  -0.00172  -0.10574   0.00099
   0.11084  -0.00172   0.19958   0.00120  -0.00101
  -0.00025  -0.10574   0.00120   0.28292   0.00144
   0.00078   0.00099  -0.00101   0.00144   0.17754
   occupation matrix (subspace #          40 , spin            1 )
   0.29448  -0.00167  -0.11144   0.00210  -0.00132
  -0.00167   0.28884  -0.00007   0.10052  -0.00125
  -0.11144  -0.00007   0.19770   0.00094   0.00076
   0.00210   0.10052   0.00094   0.28874  -0.00121
  -0.00132  -0.00125   0.00076  -0.00121   0.16956
   occupation matrix (subspace #          41 , spin            1 )
   0.29315  -0.00034   0.11084   0.00025   0.00078
  -0.00034   0.28433   0.00172  -0.10574  -0.00099
   0.11084   0.00172   0.19958  -0.00120  -0.00101
   0.00025  -0.10574  -0.00120   0.28292  -0.00144
   0.00078  -0.00099  -0.00101  -0.00144   0.17754
   occupation matrix (subspace #          42 , spin            1 )
   0.29377   0.00000  -0.11255   0.00000  -0.00286
   0.00000   0.28426   0.00000   0.09892   0.00000
  -0.11255   0.00000   0.19757   0.00000   0.00276
   0.00000   0.09892   0.00000   0.29211   0.00000
  -0.00286   0.00000   0.00276   0.00000   0.17289
   occupation matrix (subspace #          43 , spin            1 )
   0.28942   0.00000   0.11163   0.00000   0.00061
   0.00000   0.28368  -0.00000  -0.10389   0.00000
   0.11163  -0.00000   0.20852   0.00000  -0.00429
   0.00000  -0.10389   0.00000   0.28220   0.00000
   0.00061   0.00000  -0.00429   0.00000   0.18742
   occupation matrix (subspace #          44 , spin            1 )
   0.29583  -0.00148  -0.11302  -0.00215   0.00129
  -0.00148   0.28803   0.00210   0.10442  -0.00356
  -0.11302   0.00210   0.20142   0.00063  -0.00016
  -0.00215   0.10442   0.00063   0.28158   0.00226
   0.00129  -0.00356  -0.00016   0.00226   0.17350
   occupation matrix (subspace #          45 , spin            1 )
   0.29212  -0.00085   0.11086  -0.00242  -0.00338
  -0.00085   0.28568  -0.00162  -0.10491   0.00243
   0.11086  -0.00162   0.20133   0.00122   0.00084
  -0.00242  -0.10491   0.00122   0.28296   0.00222
  -0.00338   0.00243   0.00084   0.00222   0.17832
   occupation matrix (subspace #          46 , spin            1 )
   0.29583   0.00148  -0.11302   0.00214   0.00129
   0.00148   0.28803  -0.00210   0.10442   0.00356
  -0.11302  -0.00210   0.20142  -0.00063  -0.00016
   0.00214   0.10442  -0.00063   0.28158  -0.00226
   0.00129   0.00356  -0.00016  -0.00226   0.17350
   occupation matrix (subspace #          47 , spin            1 )
   0.29212   0.00085   0.11086   0.00242  -0.00338
   0.00085   0.28568   0.00162  -0.10491  -0.00243
   0.11086   0.00162   0.20133  -0.00122   0.00084
   0.00242  -0.10491  -0.00122   0.28296  -0.00222
  -0.00338  -0.00243   0.00084  -0.00222   0.17832
   occupation matrix (subspace #          48 , spin            1 )
   0.29726  -0.00000  -0.11308  -0.00000  -0.00078
  -0.00000   0.28395  -0.00000   0.10035  -0.00000
  -0.11308  -0.00000   0.19701  -0.00000   0.00103
  -0.00000   0.10035  -0.00000   0.28318   0.00000
  -0.00078  -0.00000   0.00103   0.00000   0.17853
   occupation matrix (subspace #          49 , spin            1 )
   0.32914   0.00000   0.06169   0.00000   0.00000
   0.00000   0.26782  -0.00000  -0.09848  -0.00000
   0.06169  -0.00000   0.25555  -0.00000  -0.00002
   0.00000  -0.09848  -0.00000   0.26785   0.00000
   0.00000  -0.00000  -0.00002   0.00000   0.16832
   occupation matrix (subspace #          50 , spin            1 )
   0.30663   0.01266  -0.11658  -0.01266  -0.00001
   0.01266   0.29238  -0.00325   0.09887  -0.00043
  -0.11658  -0.00325   0.19475   0.00326   0.00000
  -0.01266   0.09887   0.00326   0.29238  -0.00042
  -0.00001  -0.00043   0.00000  -0.00042   0.16421
   occupation matrix (subspace #          51 , spin            1 )
   0.31875   0.00189   0.08085  -0.00188  -0.00001
   0.00189   0.27093  -0.00598  -0.09708   0.00275
   0.08085  -0.00598   0.24066   0.00596  -0.00000
  -0.00188  -0.09708   0.00596   0.27096   0.00277
  -0.00001   0.00275  -0.00000   0.00277   0.17562
   occupation matrix (subspace #          52 , spin            1 )
   0.30663  -0.01266  -0.11658   0.01266  -0.00001
  -0.01266   0.29238   0.00325   0.09887   0.00043
  -0.11658   0.00325   0.19475  -0.00326   0.00000
   0.01266   0.09887  -0.00326   0.29238   0.00042
  -0.00001   0.00043   0.00000   0.00042   0.16421
   occupation matrix (subspace #          53 , spin            1 )
   0.31875  -0.00189   0.08085   0.00188  -0.00001
  -0.00189   0.27093   0.00598  -0.09708  -0.00275
   0.08085   0.00598   0.24066  -0.00596  -0.00000
   0.00188  -0.09708  -0.00596   0.27096  -0.00277
  -0.00001  -0.00275  -0.00000  -0.00277   0.17562
   occupation matrix (subspace #          54 , spin            1 )
   0.30110  -0.00000  -0.11778  -0.00000   0.00001
  -0.00000   0.29971  -0.00000   0.08417  -0.00000
  -0.11778  -0.00000   0.20248  -0.00000   0.00000
  -0.00000   0.08417  -0.00000   0.29977   0.00000
   0.00001  -0.00000   0.00000   0.00000   0.22674
