   occupation matrix (subspace #           1 , spin            1 )
   0.08731  -0.00319   0.00154   0.00154  -0.01238
  -0.00319   0.09227  -0.00680  -0.00179  -0.00921
   0.00154  -0.00680   0.06861  -0.00975   0.00003
   0.00154  -0.00179  -0.00975   0.08835   0.00736
  -0.01238  -0.00921   0.00003   0.00736   0.06579
   occupation matrix (subspace #           2 , spin            1 )
   0.08731  -0.00319  -0.00154  -0.00154   0.01238
  -0.00319   0.09227   0.00680   0.00179   0.00921
  -0.00154   0.00680   0.06861  -0.00975   0.00003
  -0.00154   0.00179  -0.00975   0.08835   0.00736
   0.01238   0.00921   0.00003   0.00736   0.06579
   occupation matrix (subspace #           3 , spin            1 )
   0.08731  -0.00319   0.00154   0.00154  -0.01238
  -0.00319   0.09227  -0.00680  -0.00179  -0.00921
   0.00154  -0.00680   0.06861  -0.00975   0.00003
   0.00154  -0.00179  -0.00975   0.08835   0.00736
  -0.01238  -0.00921   0.00003   0.00736   0.06579
   occupation matrix (subspace #           4 , spin            1 )
   0.08731  -0.00319  -0.00154  -0.00154   0.01238
  -0.00319   0.09227   0.00680   0.00179   0.00921
  -0.00154   0.00680   0.06861  -0.00975   0.00003
  -0.00154   0.00179  -0.00975   0.08835   0.00736
   0.01238   0.00921   0.00003   0.00736   0.06579
   occupation matrix (subspace #           5 , spin            1 )
   0.08560   0.00012   0.00047   0.00177   0.01272
   0.00012   0.09454   0.00680  -0.00133  -0.00023
   0.00047   0.00680   0.06714   0.00952  -0.00045
   0.00177  -0.00133   0.00952   0.08838  -0.00817
   0.01272  -0.00023  -0.00045  -0.00817   0.06572
   occupation matrix (subspace #           6 , spin            1 )
   0.08560   0.00012  -0.00047  -0.00177  -0.01272
   0.00012   0.09454  -0.00680   0.00133   0.00023
  -0.00047  -0.00680   0.06714   0.00952  -0.00045
  -0.00177   0.00133   0.00952   0.08838  -0.00817
  -0.01272   0.00023  -0.00045  -0.00817   0.06572
   occupation matrix (subspace #           7 , spin            1 )
   0.08560   0.00012   0.00047   0.00177   0.01272
   0.00012   0.09454   0.00680  -0.00133  -0.00023
   0.00047   0.00680   0.06714   0.00952  -0.00045
   0.00177  -0.00133   0.00952   0.08838  -0.00817
   0.01272  -0.00023  -0.00045  -0.00817   0.06572
   occupation matrix (subspace #           8 , spin            1 )
   0.08560   0.00012  -0.00047  -0.00177  -0.01272
   0.00012   0.09454  -0.00680   0.00133   0.00023
  -0.00047  -0.00680   0.06714   0.00952  -0.00045
  -0.00177   0.00133   0.00952   0.08838  -0.00817
  -0.01272   0.00023  -0.00045  -0.00817   0.06572
   occupation matrix (subspace #           9 , spin            1 )
   1.67322  -0.01112   0.00884
  -0.01112   1.67855  -0.01917
   0.00884  -0.01917   1.51872
   occupation matrix (subspace #          10 , spin            1 )
   1.67322   0.01112  -0.00884
   0.01112   1.67855  -0.01917
  -0.00884  -0.01917   1.51872
   occupation matrix (subspace #          11 , spin            1 )
   1.67322  -0.01112   0.00884
  -0.01112   1.67855  -0.01917
   0.00884  -0.01917   1.51872
   occupation matrix (subspace #          12 , spin            1 )
   1.67322   0.01112  -0.00884
   0.01112   1.67855  -0.01917
  -0.00884  -0.01917   1.51873
   occupation matrix (subspace #          13 , spin            1 )
   1.67509   0.01053   0.00933
   0.01053   1.68099   0.02078
   0.00933   0.02078   1.52482
   occupation matrix (subspace #          14 , spin            1 )
   1.67509  -0.01053  -0.00933
  -0.01053   1.68100   0.02078
  -0.00933   0.02078   1.52482
   occupation matrix (subspace #          15 , spin            1 )
   1.67510   0.01053   0.00933
   0.01053   1.68100   0.02078
   0.00933   0.02078   1.52482
   occupation matrix (subspace #          16 , spin            1 )
   1.67509  -0.01053  -0.00933
  -0.01053   1.68100   0.02078
  -0.00933   0.02078   1.52482
   occupation matrix (subspace #          17 , spin            1 )
   1.51026   0.01823  -0.01419
   0.01823   1.64135   0.01029
  -0.01419   0.01029   1.61619
   occupation matrix (subspace #          18 , spin            1 )
   1.51026  -0.01823   0.01419
  -0.01823   1.64135   0.01029
   0.01419   0.01029   1.61619
   occupation matrix (subspace #          19 , spin            1 )
   1.51026   0.01823  -0.01419
   0.01823   1.64135   0.01029
  -0.01419   0.01029   1.61619
   occupation matrix (subspace #          20 , spin            1 )
   1.51026  -0.01824   0.01419
  -0.01824   1.64135   0.01029
   0.01419   0.01029   1.61619
   occupation matrix (subspace #          21 , spin            1 )
   1.51107  -0.00583   0.01749
  -0.00583   1.64608  -0.00280
   0.01749  -0.00280   1.61517
   occupation matrix (subspace #          22 , spin            1 )
   1.51107   0.00583  -0.01749
   0.00583   1.64608  -0.00280
  -0.01749  -0.00280   1.61517
   occupation matrix (subspace #          23 , spin            1 )
   1.51107  -0.00583   0.01749
  -0.00583   1.64608  -0.00280
   0.01749  -0.00280   1.61517
   occupation matrix (subspace #          24 , spin            1 )
   1.51107   0.00583  -0.01749
   0.00583   1.64608  -0.00280
  -0.01749  -0.00280   1.61517
   occupation matrix (subspace #          25 , spin            1 )
   1.59853   0.00435   0.00433
   0.00435   1.50190   0.01801
   0.00433   0.01801   1.58996
   occupation matrix (subspace #          26 , spin            1 )
   1.59854  -0.00435  -0.00433
  -0.00435   1.50191   0.01801
  -0.00433   0.01801   1.58996
   occupation matrix (subspace #          27 , spin            1 )
   1.59853   0.00435   0.00433
   0.00435   1.50191   0.01801
   0.00433   0.01801   1.58996
   occupation matrix (subspace #          28 , spin            1 )
   1.59854  -0.00435  -0.00433
  -0.00435   1.50191   0.01801
  -0.00433   0.01801   1.58996
   occupation matrix (subspace #          29 , spin            1 )
   1.60216   0.02054   0.01023
   0.02054   1.49794  -0.01697
   0.01023  -0.01697   1.58618
   occupation matrix (subspace #          30 , spin            1 )
   1.60217  -0.02054  -0.01024
  -0.02054   1.49794  -0.01697
  -0.01024  -0.01697   1.58618
   occupation matrix (subspace #          31 , spin            1 )
   1.60216   0.02054   0.01023
   0.02054   1.49794  -0.01697
   0.01023  -0.01697   1.58618
   occupation matrix (subspace #          32 , spin            1 )
   1.60217  -0.02054  -0.01024
  -0.02054   1.49794  -0.01697
  -0.01024  -0.01697   1.58618
