   occupation matrix (subspace #           1 , spin            1 )
   1.95939   0.18088   0.03217   0.18088   0.00000
   0.18088   1.95939   0.01609  -0.18088  -0.02786
   0.03217   0.01609   2.18735   0.01609   0.00000
   0.18088  -0.18088   0.01609   1.95939   0.02786
   0.00000  -0.02786   0.00000   0.02786   2.18735
   occupation matrix (subspace #           2 , spin            1 )
   1.95939   0.18088  -0.03217  -0.18088  -0.00000
   0.18088   1.95939  -0.01609   0.18088   0.02786
  -0.03217  -0.01609   2.18735   0.01609   0.00000
  -0.18088   0.18088   0.01609   1.95939   0.02786
  -0.00000   0.02786   0.00000   0.02786   2.18735
   occupation matrix (subspace #           3 , spin            1 )
   1.95939  -0.18088   0.03217  -0.18088   0.00000
  -0.18088   1.95939  -0.01609  -0.18088   0.02786
   0.03217  -0.01609   2.18735  -0.01609   0.00000
  -0.18088  -0.18088  -0.01609   1.95939  -0.02786
   0.00000   0.02786   0.00000  -0.02786   2.18735
   occupation matrix (subspace #           4 , spin            1 )
   1.95939  -0.18088  -0.03217   0.18088  -0.00000
  -0.18088   1.95939   0.01609   0.18088  -0.02786
  -0.03217   0.01609   2.18735  -0.01609   0.00000
   0.18088   0.18088  -0.01609   1.95939  -0.02786
  -0.00000  -0.02786   0.00000  -0.02786   2.18735
   occupation matrix (subspace #           5 , spin            1 )
   1.57480  -0.00000   0.00000
  -0.00000   1.57480  -0.00000
   0.00000  -0.00000   1.57480
   occupation matrix (subspace #           6 , spin            1 )
   1.57480  -0.00000   0.00000
  -0.00000   1.57480  -0.00000
   0.00000  -0.00000   1.57480
