   occupation matrix (subspace #           1 , spin            1 )
   1.95978   0.20196   0.02859   0.20196   0.00000
   0.20196   1.95978   0.01429  -0.20196  -0.02476
   0.02859   0.01429   2.21010   0.01429   0.00000
   0.20196  -0.20196   0.01429   1.95978   0.02476
   0.00000  -0.02476   0.00000   0.02476   2.21010
   occupation matrix (subspace #           2 , spin            1 )
   1.95978   0.20196  -0.02859  -0.20196  -0.00000
   0.20196   1.95978  -0.01429   0.20196   0.02476
  -0.02859  -0.01429   2.21010   0.01429   0.00000
  -0.20196   0.20196   0.01429   1.95978   0.02476
  -0.00000   0.02476   0.00000   0.02476   2.21010
   occupation matrix (subspace #           3 , spin            1 )
   1.95978  -0.20196   0.02859  -0.20196   0.00000
  -0.20196   1.95978  -0.01429  -0.20196   0.02476
   0.02859  -0.01429   2.21010  -0.01429   0.00000
  -0.20196  -0.20196  -0.01429   1.95978  -0.02476
   0.00000   0.02476   0.00000  -0.02476   2.21010
   occupation matrix (subspace #           4 , spin            1 )
   1.95978  -0.20196  -0.02859   0.20196  -0.00000
  -0.20196   1.95978   0.01429   0.20196  -0.02476
  -0.02859   0.01429   2.21010  -0.01429   0.00000
   0.20196   0.20196  -0.01429   1.95978  -0.02476
  -0.00000  -0.02476   0.00000  -0.02476   2.21010
   occupation matrix (subspace #           5 , spin            1 )
   1.60827   0.00000  -0.00000
   0.00000   1.60827  -0.00000
  -0.00000  -0.00000   1.60827
   occupation matrix (subspace #           6 , spin            1 )
   1.60827   0.00000  -0.00000
   0.00000   1.60827  -0.00000
  -0.00000  -0.00000   1.60827
