   occupation matrix (subspace #           1 , spin            1 )
   3.14856   0.04340  -0.00000   0.00000   0.00000
   0.04340   0.01578  -0.00000  -0.00000  -0.00000
  -0.00000  -0.00000   3.09809  -0.02036  -0.02121
   0.00000  -0.00000  -0.02036   0.01601   0.05370
   0.00000  -0.00000  -0.02121   0.05370   3.20133
   occupation matrix (subspace #           2 , spin            1 )
   3.14856  -0.04340  -0.00000  -0.00000   0.00000
  -0.04340   0.01578  -0.00000  -0.00000   0.00000
  -0.00000  -0.00000   3.09809   0.02036  -0.02121
  -0.00000  -0.00000   0.02036   0.01601  -0.05370
   0.00000   0.00000  -0.02121  -0.05370   3.20133
   occupation matrix (subspace #           3 , spin            1 )
   3.14856   0.04340  -0.00000   0.00000   0.00000
   0.04340   0.01578  -0.00000  -0.00000  -0.00000
  -0.00000  -0.00000   3.09809  -0.02036  -0.02121
   0.00000  -0.00000  -0.02036   0.01601   0.05370
   0.00000  -0.00000  -0.02121   0.05370   3.20133
   occupation matrix (subspace #           4 , spin            1 )
   3.14856  -0.04340  -0.00000  -0.00000   0.00000
  -0.04340   0.01578   0.00000  -0.00000   0.00000
  -0.00000   0.00000   3.09809   0.02036  -0.02121
  -0.00000  -0.00000   0.02036   0.01601  -0.05370
   0.00000   0.00000  -0.02121  -0.05370   3.20133
   occupation matrix (subspace #           5 , spin            1 )
   1.66236  -0.00000   0.00000
  -0.00000   1.30989   0.06991
   0.00000   0.06991   1.68232
   occupation matrix (subspace #           6 , spin            1 )
   1.66236   0.00000   0.00000
   0.00000   1.30989  -0.06991
   0.00000  -0.06991   1.68232
   occupation matrix (subspace #           7 , spin            1 )
   1.66236  -0.00000   0.00000
  -0.00000   1.30989   0.06991
   0.00000   0.06991   1.68232
   occupation matrix (subspace #           8 , spin            1 )
   1.66236  -0.00000  -0.00000
  -0.00000   1.30989  -0.06991
  -0.00000  -0.06991   1.68232
   occupation matrix (subspace #           9 , spin            1 )
   1.66525  -0.00000   0.00000
  -0.00000   1.67127   0.25597
   0.00000   0.25597   1.35833
   occupation matrix (subspace #          10 , spin            1 )
   1.66525  -0.00000  -0.00000
  -0.00000   1.67127  -0.25597
  -0.00000  -0.25597   1.35833
   occupation matrix (subspace #          11 , spin            1 )
   1.66525  -0.00000   0.00000
  -0.00000   1.67127   0.25597
   0.00000   0.25597   1.35833
   occupation matrix (subspace #          12 , spin            1 )
   1.66525   0.00000   0.00000
   0.00000   1.67127  -0.25597
   0.00000  -0.25597   1.35833
   occupation matrix (subspace #          13 , spin            1 )
   1.46255   0.24016  -0.17158
   0.24016   1.72701   0.07548
  -0.17158   0.07548   1.61527
   occupation matrix (subspace #          14 , spin            1 )
   1.46255   0.24016   0.17158
   0.24016   1.72701  -0.07548
   0.17158  -0.07548   1.61527
   occupation matrix (subspace #          15 , spin            1 )
   1.46255  -0.24016   0.17158
  -0.24016   1.72701   0.07548
   0.17158   0.07548   1.61527
   occupation matrix (subspace #          16 , spin            1 )
   1.46255  -0.24016  -0.17158
  -0.24016   1.72701  -0.07548
  -0.17158  -0.07548   1.61527
   occupation matrix (subspace #          17 , spin            1 )
   1.46255   0.24016  -0.17158
   0.24016   1.72701   0.07548
  -0.17158   0.07548   1.61527
   occupation matrix (subspace #          18 , spin            1 )
   1.46255   0.24016   0.17158
   0.24016   1.72701  -0.07548
   0.17158  -0.07548   1.61527
   occupation matrix (subspace #          19 , spin            1 )
   1.46255  -0.24016   0.17158
  -0.24016   1.72701   0.07548
   0.17158   0.07548   1.61527
   occupation matrix (subspace #          20 , spin            1 )
   1.46255  -0.24016  -0.17158
  -0.24016   1.72701  -0.07548
  -0.17158  -0.07548   1.61527
