   occupation matrix (subspace #           1 , spin            1 )
   0.02913   0.00004  -0.00102   0.00097   0.00341
   0.00004   0.02963   0.00652   0.00811  -0.00219
  -0.00102   0.00652   0.03419   0.00583  -0.00194
   0.00097   0.00811   0.00583   0.03324  -0.00535
   0.00341  -0.00219  -0.00194  -0.00535   0.03672
   occupation matrix (subspace #           2 , spin            1 )
   0.02912   0.00006  -0.00101   0.00103   0.00341
   0.00006   0.02961   0.00653   0.00809  -0.00221
  -0.00101   0.00653   0.03420   0.00581  -0.00193
   0.00103   0.00809   0.00581   0.03320  -0.00533
   0.00341  -0.00221  -0.00193  -0.00533   0.03668
   occupation matrix (subspace #           3 , spin            1 )
   0.02910   0.00009   0.00101  -0.00102  -0.00339
   0.00009   0.02958  -0.00653  -0.00809   0.00218
   0.00101  -0.00653   0.03421   0.00585  -0.00195
  -0.00102  -0.00809   0.00585   0.03317  -0.00531
  -0.00339   0.00218  -0.00195  -0.00531   0.03669
   occupation matrix (subspace #           4 , spin            1 )
   0.02911   0.00007   0.00101  -0.00098  -0.00337
   0.00007   0.02961  -0.00651  -0.00813   0.00216
   0.00101  -0.00651   0.03421   0.00587  -0.00194
  -0.00098  -0.00813   0.00587   0.03323  -0.00532
  -0.00337   0.00216  -0.00194  -0.00532   0.03668
   occupation matrix (subspace #           5 , spin            1 )
   1.73045   0.59271  -0.17161
   0.59271   1.56224   0.20282
  -0.17161   0.20282   2.16295
   occupation matrix (subspace #           6 , spin            1 )
   1.58771   0.61807  -0.05346
   0.61807   1.47816   0.05827
  -0.05346   0.05827   2.13021
   occupation matrix (subspace #           7 , spin            1 )
   1.58647  -0.61770   0.05519
  -0.61770   1.47951   0.06001
   0.05519   0.06001   2.12994
   occupation matrix (subspace #           8 , spin            1 )
   1.72739  -0.59246   0.17344
  -0.59246   1.56656   0.20373
   0.17344   0.20373   2.16170
   occupation matrix (subspace #           9 , spin            1 )
   1.73052   0.59251  -0.17274
   0.59251   1.56288   0.20381
  -0.17274   0.20381   2.16209
   occupation matrix (subspace #          10 , spin            1 )
   1.58834   0.61814  -0.05211
   0.61814   1.47774   0.05650
  -0.05211   0.05650   2.13068
   occupation matrix (subspace #          11 , spin            1 )
   1.58404  -0.61810   0.05347
  -0.61810   1.48136   0.05782
   0.05347   0.05782   2.13064
   occupation matrix (subspace #          12 , spin            1 )
   1.73009  -0.59208   0.17456
  -0.59208   1.56481   0.20517
   0.17456   0.20517   2.16069
   occupation matrix (subspace #          13 , spin            1 )
   2.01680   0.02567   0.03400
   0.02567   2.03921   0.01256
   0.03400   0.01256   2.03745
   occupation matrix (subspace #          14 , spin            1 )
   2.01691  -0.02570  -0.03414
  -0.02570   2.03928   0.01237
  -0.03414   0.01237   2.03756
   occupation matrix (subspace #          15 , spin            1 )
   2.01686   0.02562   0.03368
   0.02562   2.03920   0.01266
   0.03368   0.01266   2.03750
   occupation matrix (subspace #          16 , spin            1 )
   2.01671  -0.02567  -0.03395
  -0.02567   2.03908   0.01257
  -0.03395   0.01257   2.03721
