   occupation matrix (subspace #           1 , spin            1 )
   0.03169  -0.00016  -0.00126   0.00085   0.00318
  -0.00016   0.03226   0.00644   0.00810  -0.00242
  -0.00126   0.00644   0.03591   0.00594  -0.00209
   0.00085   0.00810   0.00594   0.03591  -0.00576
   0.00318  -0.00242  -0.00209  -0.00576   0.03865
   occupation matrix (subspace #           2 , spin            1 )
   0.03164  -0.00012  -0.00125   0.00103   0.00319
  -0.00012   0.03219   0.00653   0.00802  -0.00246
  -0.00125   0.00653   0.03596   0.00588  -0.00216
   0.00103   0.00802   0.00588   0.03574  -0.00569
   0.00319  -0.00246  -0.00216  -0.00569   0.03865
   occupation matrix (subspace #           3 , spin            1 )
   0.03158  -0.00003   0.00125  -0.00102  -0.00309
  -0.00003   0.03212  -0.00653  -0.00805   0.00239
   0.00125  -0.00653   0.03599   0.00600  -0.00221
  -0.00102  -0.00805   0.00600   0.03567  -0.00564
  -0.00309   0.00239  -0.00221  -0.00564   0.03863
   occupation matrix (subspace #           4 , spin            1 )
   0.03163  -0.00007   0.00127  -0.00084  -0.00309
  -0.00007   0.03220  -0.00645  -0.00814   0.00235
   0.00127  -0.00645   0.03594   0.00607  -0.00215
  -0.00084  -0.00814   0.00607   0.03585  -0.00571
  -0.00309   0.00235  -0.00215  -0.00571   0.03864
   occupation matrix (subspace #           5 , spin            1 )
   1.71832   0.58712  -0.16581
   0.58712   1.55487   0.19910
  -0.16581   0.19910   2.15250
   occupation matrix (subspace #           6 , spin            1 )
   1.58901   0.61538  -0.05060
   0.61538   1.46741   0.05976
  -0.05060   0.05976   2.11217
   occupation matrix (subspace #           7 , spin            1 )
   1.58128  -0.61461   0.05431
  -0.61461   1.47460   0.06343
   0.05431   0.06343   2.11209
   occupation matrix (subspace #           8 , spin            1 )
   1.71351  -0.58608   0.17062
  -0.58608   1.56241   0.20207
   0.17062   0.20207   2.14859
   occupation matrix (subspace #           9 , spin            1 )
   1.72315   0.58669  -0.16725
   0.58669   1.55113   0.20041
  -0.16725   0.20041   2.15116
   occupation matrix (subspace #          10 , spin            1 )
   1.58530   0.61609  -0.04860
   0.61609   1.47106   0.05609
  -0.04860   0.05609   2.11382
   occupation matrix (subspace #          11 , spin            1 )
   1.57839  -0.61523   0.05249
  -0.61523   1.47757   0.05999
   0.05249   0.05999   2.11374
   occupation matrix (subspace #          12 , spin            1 )
   1.71768  -0.58570   0.17199
  -0.58570   1.55922   0.20323
   0.17199   0.20323   2.14725
   occupation matrix (subspace #          13 , spin            1 )
   1.99626   0.02397   0.03245
   0.02397   2.01903   0.01256
   0.03245   0.01256   2.01970
   occupation matrix (subspace #          14 , spin            1 )
   1.99621  -0.02388  -0.03298
  -0.02388   2.01909   0.01190
  -0.03298   0.01190   2.01950
   occupation matrix (subspace #          15 , spin            1 )
   1.99591   0.02419   0.03137
   0.02419   2.01858   0.01313
   0.03137   0.01313   2.01946
   occupation matrix (subspace #          16 , spin            1 )
   1.99594  -0.02411  -0.03187
  -0.02411   2.01868   0.01242
  -0.03187   0.01242   2.01937
