   occupation matrix (subspace #           1 , spin            1 )
   0.08752  -0.00318   0.00148   0.00150  -0.01244
  -0.00318   0.09278  -0.00654  -0.00171  -0.00904
   0.00148  -0.00654   0.06903  -0.00962   0.00002
   0.00150  -0.00171  -0.00962   0.08886   0.00721
  -0.01244  -0.00904   0.00002   0.00721   0.06656
   occupation matrix (subspace #           2 , spin            1 )
   0.08752  -0.00318  -0.00148  -0.00150   0.01244
  -0.00318   0.09278   0.00654   0.00171   0.00904
  -0.00148   0.00654   0.06903  -0.00962   0.00002
  -0.00150   0.00171  -0.00962   0.08886   0.00721
   0.01244   0.00904   0.00002   0.00721   0.06656
   occupation matrix (subspace #           3 , spin            1 )
   0.08752  -0.00318   0.00148   0.00150  -0.01244
  -0.00318   0.09278  -0.00654  -0.00171  -0.00904
   0.00148  -0.00654   0.06903  -0.00962   0.00002
   0.00150  -0.00171  -0.00962   0.08886   0.00721
  -0.01244  -0.00904   0.00002   0.00721   0.06656
   occupation matrix (subspace #           4 , spin            1 )
   0.08752  -0.00318  -0.00148  -0.00150   0.01244
  -0.00318   0.09278   0.00654   0.00171   0.00904
  -0.00148   0.00654   0.06903  -0.00962   0.00002
  -0.00150   0.00171  -0.00962   0.08886   0.00721
   0.01244   0.00904   0.00002   0.00721   0.06656
   occupation matrix (subspace #           5 , spin            1 )
   0.08586   0.00020   0.00043   0.00175   0.01275
   0.00020   0.09503   0.00650  -0.00124  -0.00047
   0.00043   0.00650   0.06757   0.00936  -0.00045
   0.00175  -0.00124   0.00936   0.08888  -0.00801
   0.01275  -0.00047  -0.00045  -0.00801   0.06645
   occupation matrix (subspace #           6 , spin            1 )
   0.08586   0.00020  -0.00043  -0.00175  -0.01275
   0.00020   0.09503  -0.00650   0.00124   0.00047
  -0.00043  -0.00650   0.06757   0.00936  -0.00045
  -0.00175   0.00124   0.00936   0.08888  -0.00801
  -0.01275   0.00047  -0.00045  -0.00801   0.06645
   occupation matrix (subspace #           7 , spin            1 )
   0.08586   0.00020   0.00043   0.00175   0.01275
   0.00020   0.09503   0.00650  -0.00124  -0.00047
   0.00043   0.00650   0.06757   0.00936  -0.00045
   0.00175  -0.00124   0.00936   0.08888  -0.00801
   0.01275  -0.00047  -0.00045  -0.00801   0.06645
   occupation matrix (subspace #           8 , spin            1 )
   0.08586   0.00020  -0.00043  -0.00175  -0.01275
   0.00020   0.09503  -0.00650   0.00124   0.00047
  -0.00043  -0.00650   0.06757   0.00936  -0.00045
  -0.00175   0.00124   0.00936   0.08888  -0.00801
  -0.01275   0.00047  -0.00045  -0.00801   0.06645
   occupation matrix (subspace #           9 , spin            1 )
   1.67249  -0.01110   0.00867
  -0.01110   1.67772  -0.01893
   0.00867  -0.01893   1.51430
   occupation matrix (subspace #          10 , spin            1 )
   1.67249   0.01110  -0.00867
   0.01110   1.67772  -0.01893
  -0.00867  -0.01893   1.51430
   occupation matrix (subspace #          11 , spin            1 )
   1.67249  -0.01110   0.00867
  -0.01110   1.67772  -0.01893
   0.00867  -0.01893   1.51430
   occupation matrix (subspace #          12 , spin            1 )
   1.67249   0.01110  -0.00867
   0.01110   1.67772  -0.01893
  -0.00867  -0.01893   1.51430
   occupation matrix (subspace #          13 , spin            1 )
   1.67417   0.01055   0.00909
   0.01055   1.68016   0.02040
   0.00909   0.02040   1.52007
   occupation matrix (subspace #          14 , spin            1 )
   1.67417  -0.01055  -0.00909
  -0.01055   1.68016   0.02040
  -0.00909   0.02040   1.52007
   occupation matrix (subspace #          15 , spin            1 )
   1.67417   0.01055   0.00909
   0.01055   1.68016   0.02040
   0.00909   0.02040   1.52007
   occupation matrix (subspace #          16 , spin            1 )
   1.67417  -0.01055  -0.00909
  -0.01055   1.68016   0.02040
  -0.00909   0.02040   1.52007
   occupation matrix (subspace #          17 , spin            1 )
   1.50647   0.01754  -0.01435
   0.01754   1.63997   0.01012
  -0.01435   0.01012   1.61496
   occupation matrix (subspace #          18 , spin            1 )
   1.50647  -0.01754   0.01435
  -0.01754   1.63997   0.01012
   0.01435   0.01012   1.61496
   occupation matrix (subspace #          19 , spin            1 )
   1.50647   0.01754  -0.01435
   0.01754   1.63997   0.01012
  -0.01435   0.01012   1.61496
   occupation matrix (subspace #          20 , spin            1 )
   1.50646  -0.01754   0.01435
  -0.01754   1.63997   0.01012
   0.01435   0.01012   1.61496
   occupation matrix (subspace #          21 , spin            1 )
   1.50730  -0.00572   0.01751
  -0.00572   1.64470  -0.00286
   0.01751  -0.00286   1.61383
   occupation matrix (subspace #          22 , spin            1 )
   1.50730   0.00572  -0.01751
   0.00572   1.64470  -0.00286
  -0.01751  -0.00286   1.61383
   occupation matrix (subspace #          23 , spin            1 )
   1.50730  -0.00572   0.01751
  -0.00572   1.64470  -0.00286
   0.01751  -0.00286   1.61383
   occupation matrix (subspace #          24 , spin            1 )
   1.50730   0.00572  -0.01751
   0.00572   1.64470  -0.00286
  -0.01751  -0.00286   1.61383
   occupation matrix (subspace #          25 , spin            1 )
   1.59844   0.00376   0.00429
   0.00376   1.49830   0.01759
   0.00429   0.01759   1.58930
   occupation matrix (subspace #          26 , spin            1 )
   1.59844  -0.00376  -0.00429
  -0.00376   1.49830   0.01759
  -0.00429   0.01759   1.58930
   occupation matrix (subspace #          27 , spin            1 )
   1.59844   0.00376   0.00429
   0.00376   1.49830   0.01759
   0.00429   0.01759   1.58930
   occupation matrix (subspace #          28 , spin            1 )
   1.59844  -0.00376  -0.00429
  -0.00376   1.49830   0.01759
  -0.00429   0.01759   1.58930
   occupation matrix (subspace #          29 , spin            1 )
   1.60208   0.02009   0.00996
   0.02009   1.49455  -0.01691
   0.00996  -0.01691   1.58576
   occupation matrix (subspace #          30 , spin            1 )
   1.60208  -0.02009  -0.00996
  -0.02009   1.49455  -0.01691
  -0.00996  -0.01691   1.58576
   occupation matrix (subspace #          31 , spin            1 )
   1.60208   0.02009   0.00996
   0.02009   1.49455  -0.01691
   0.00996  -0.01691   1.58576
   occupation matrix (subspace #          32 , spin            1 )
   1.60208  -0.02009  -0.00996
  -0.02009   1.49455  -0.01691
  -0.00996  -0.01691   1.58576
