   occupation matrix (subspace #           1 , spin            1 )
   1.94456  -0.93285  -0.00000   0.00000  -0.00000
  -0.93285   0.50847  -0.00000   0.00000  -0.00000
  -0.00000  -0.00000   2.66191   0.05712   0.05053
   0.00000   0.00000   0.05712   0.78734  -1.05699
  -0.00000  -0.00000   0.05053  -1.05699   1.56513
   occupation matrix (subspace #           2 , spin            1 )
   1.94456   0.93285  -0.00000  -0.00000  -0.00000
   0.93285   0.50847   0.00000   0.00000   0.00000
  -0.00000   0.00000   2.66191  -0.05712   0.05053
  -0.00000   0.00000  -0.05712   0.78734   1.05699
  -0.00000   0.00000   0.05053   1.05699   1.56513
   occupation matrix (subspace #           3 , spin            1 )
   1.94456  -0.93285  -0.00000   0.00000  -0.00000
  -0.93285   0.50847  -0.00000   0.00000  -0.00000
  -0.00000  -0.00000   2.66191   0.05712   0.05053
   0.00000   0.00000   0.05712   0.78734  -1.05699
  -0.00000  -0.00000   0.05053  -1.05699   1.56513
   occupation matrix (subspace #           4 , spin            1 )
   1.94456   0.93285  -0.00000  -0.00000  -0.00000
   0.93285   0.50847   0.00000   0.00000   0.00000
  -0.00000   0.00000   2.66191  -0.05712   0.05053
  -0.00000   0.00000  -0.05712   0.78734   1.05699
  -0.00000   0.00000   0.05053   1.05699   1.56513
   occupation matrix (subspace #           5 , spin            1 )
   1.63997  -0.00000   0.00000
  -0.00000   1.14143   0.00344
   0.00000   0.00344   1.63383
   occupation matrix (subspace #           6 , spin            1 )
   1.63997   0.00000   0.00000
   0.00000   1.14143  -0.00344
   0.00000  -0.00344   1.63383
   occupation matrix (subspace #           7 , spin            1 )
   1.63997  -0.00000  -0.00000
  -0.00000   1.14143   0.00344
  -0.00000   0.00344   1.63383
   occupation matrix (subspace #           8 , spin            1 )
   1.63997   0.00000  -0.00000
   0.00000   1.14143  -0.00344
  -0.00000  -0.00344   1.63383
   occupation matrix (subspace #           9 , spin            1 )
   1.63581  -0.00000  -0.00000
  -0.00000   1.57028   0.19042
  -0.00000   0.19042   1.19672
   occupation matrix (subspace #          10 , spin            1 )
   1.63581  -0.00000  -0.00000
  -0.00000   1.57028  -0.19042
  -0.00000  -0.19042   1.19672
   occupation matrix (subspace #          11 , spin            1 )
   1.63581  -0.00000   0.00000
  -0.00000   1.57028   0.19042
   0.00000   0.19042   1.19672
   occupation matrix (subspace #          12 , spin            1 )
   1.63581   0.00000   0.00000
   0.00000   1.57028  -0.19042
   0.00000  -0.19042   1.19672
   occupation matrix (subspace #          13 , spin            1 )
   1.36303   0.17956  -0.18560
   0.17956   1.59475   0.11004
  -0.18560   0.11004   1.55489
   occupation matrix (subspace #          14 , spin            1 )
   1.36303   0.17956   0.18560
   0.17956   1.59475  -0.11004
   0.18560  -0.11004   1.55489
   occupation matrix (subspace #          15 , spin            1 )
   1.36303  -0.17956   0.18560
  -0.17956   1.59475   0.11004
   0.18560   0.11004   1.55489
   occupation matrix (subspace #          16 , spin            1 )
   1.36303  -0.17956  -0.18560
  -0.17956   1.59475  -0.11004
  -0.18560  -0.11004   1.55489
   occupation matrix (subspace #          17 , spin            1 )
   1.36303   0.17956  -0.18560
   0.17956   1.59475   0.11004
  -0.18560   0.11004   1.55489
   occupation matrix (subspace #          18 , spin            1 )
   1.36303   0.17956   0.18560
   0.17956   1.59475  -0.11004
   0.18560  -0.11004   1.55489
   occupation matrix (subspace #          19 , spin            1 )
   1.36303  -0.17956   0.18560
  -0.17956   1.59475   0.11004
   0.18560   0.11004   1.55489
   occupation matrix (subspace #          20 , spin            1 )
   1.36303  -0.17956  -0.18560
  -0.17956   1.59475  -0.11004
  -0.18560  -0.11004   1.55489
