   occupation matrix (subspace #           1 , spin            1 )
   1.94680   0.14802   0.03129   0.14802   0.00000
   0.14802   1.94680   0.01564  -0.14802  -0.02710
   0.03129   0.01564   2.13130   0.01564   0.00000
   0.14802  -0.14802   0.01564   1.94680   0.02710
   0.00000  -0.02710   0.00000   0.02710   2.13130
   occupation matrix (subspace #           2 , spin            1 )
   1.94680   0.14802  -0.03129  -0.14802  -0.00000
   0.14802   1.94680  -0.01564   0.14802   0.02710
  -0.03129  -0.01564   2.13130   0.01564   0.00000
  -0.14802   0.14802   0.01564   1.94680   0.02710
  -0.00000   0.02710   0.00000   0.02710   2.13130
   occupation matrix (subspace #           3 , spin            1 )
   1.94680  -0.14802   0.03129  -0.14802   0.00000
  -0.14802   1.94680  -0.01564  -0.14802   0.02710
   0.03129  -0.01564   2.13130  -0.01564   0.00000
  -0.14802  -0.14802  -0.01564   1.94680  -0.02710
   0.00000   0.02710   0.00000  -0.02710   2.13130
   occupation matrix (subspace #           4 , spin            1 )
   1.94680  -0.14802  -0.03129   0.14802  -0.00000
  -0.14802   1.94680   0.01564   0.14802  -0.02710
  -0.03129   0.01564   2.13130  -0.01564   0.00000
   0.14802   0.14802  -0.01564   1.94680  -0.02710
  -0.00000  -0.02710   0.00000  -0.02710   2.13130
   occupation matrix (subspace #           5 , spin            1 )
   1.53584   0.00000   0.00000
   0.00000   1.53584   0.00000
   0.00000   0.00000   1.53584
   occupation matrix (subspace #           6 , spin            1 )
   1.53584  -0.00000  -0.00000
  -0.00000   1.53584   0.00000
  -0.00000   0.00000   1.53584
