   occupation matrix (subspace #           1 , spin            1 )
   0.03539   0.00000  -0.00212  -0.00000   0.00112
   0.00000   0.04108   0.00000   0.00844  -0.00000
  -0.00212   0.00000   0.04201   0.00000   0.00034
  -0.00000   0.00844   0.00000   0.04156  -0.00001
   0.00112  -0.00000   0.00034  -0.00001   0.02934
   occupation matrix (subspace #           2 , spin            1 )
   0.03539   0.00000  -0.00212  -0.00000   0.00112
   0.00000   0.04108   0.00000   0.00844  -0.00000
  -0.00212   0.00000   0.04201   0.00000   0.00034
  -0.00000   0.00844   0.00000   0.04156  -0.00001
   0.00112  -0.00000   0.00034  -0.00001   0.02934
   occupation matrix (subspace #           3 , spin            1 )
   0.03539   0.00000   0.00212   0.00000  -0.00112
   0.00000   0.04108   0.00000  -0.00844   0.00000
   0.00212   0.00000   0.04201   0.00000   0.00034
   0.00000  -0.00844   0.00000   0.04156  -0.00000
  -0.00112   0.00000   0.00034  -0.00000   0.02934
   occupation matrix (subspace #           4 , spin            1 )
   0.03539   0.00000   0.00212   0.00000  -0.00112
   0.00000   0.04108   0.00000  -0.00844   0.00000
   0.00212   0.00000   0.04201   0.00000   0.00034
   0.00000  -0.00844   0.00000   0.04156  -0.00000
  -0.00112   0.00000   0.00034  -0.00000   0.02934
   occupation matrix (subspace #           5 , spin            1 )
   2.27838   0.10700  -0.05121
   0.10700   1.00665   0.16336
  -0.05121   0.16336   2.19647
   occupation matrix (subspace #           6 , spin            1 )
   2.27839  -0.10683  -0.05117
  -0.10683   1.00662  -0.16346
  -0.05117  -0.16346   2.19640
   occupation matrix (subspace #           7 , spin            1 )
   2.27841   0.10671   0.05114
   0.10671   1.00660  -0.16350
   0.05114  -0.16350   2.19639
   occupation matrix (subspace #           8 , spin            1 )
   2.27836  -0.10714   0.05124
  -0.10714   1.00668   0.16331
   0.05124   0.16331   2.19649
   occupation matrix (subspace #           9 , spin            1 )
   2.27838   0.10702  -0.05121
   0.10702   1.00665   0.16335
  -0.05121   0.16335   2.19647
   occupation matrix (subspace #          10 , spin            1 )
   2.27839  -0.10684  -0.05117
  -0.10684   1.00662  -0.16346
  -0.05117  -0.16346   2.19640
   occupation matrix (subspace #          11 , spin            1 )
   2.27841   0.10670   0.05114
   0.10670   1.00660  -0.16350
   0.05114  -0.16350   2.19639
   occupation matrix (subspace #          12 , spin            1 )
   2.27837  -0.10713   0.05124
  -0.10713   1.00668   0.16332
   0.05124   0.16332   2.19648
   occupation matrix (subspace #          13 , spin            1 )
   1.93830   0.02059   0.00002
   0.02059   1.96755   0.00000
   0.00002   0.00000   1.93490
   occupation matrix (subspace #          14 , spin            1 )
   1.93830  -0.02059  -0.00002
  -0.02059   1.96755  -0.00000
  -0.00002  -0.00000   1.93491
   occupation matrix (subspace #          15 , spin            1 )
   1.93830   0.02059   0.00002
   0.02059   1.96755  -0.00000
   0.00002  -0.00000   1.93490
   occupation matrix (subspace #          16 , spin            1 )
   1.93830  -0.02059  -0.00002
  -0.02059   1.96755   0.00000
  -0.00002   0.00000   1.93491
