   occupation matrix (subspace #           1 , spin            1 )
   0.01182  -0.00159   0.00029  -0.00159   0.00005
  -0.00159   0.01182   0.00019   0.00159  -0.00023
   0.00029   0.00019   0.01718   0.00011   0.00000
  -0.00159   0.00159   0.00011   0.01182   0.00028
   0.00005  -0.00023   0.00000   0.00028   0.01718
   occupation matrix (subspace #           2 , spin            1 )
   0.01182  -0.00159  -0.00029   0.00159  -0.00005
  -0.00159   0.01182  -0.00019  -0.00159   0.00023
  -0.00029  -0.00019   0.01718   0.00011   0.00000
   0.00159  -0.00159   0.00011   0.01182   0.00028
  -0.00005   0.00023   0.00000   0.00028   0.01718
   occupation matrix (subspace #           3 , spin            1 )
   0.01182   0.00159   0.00029   0.00159   0.00005
   0.00159   0.01182  -0.00019   0.00159   0.00023
   0.00029  -0.00019   0.01718  -0.00011   0.00000
   0.00159   0.00159  -0.00011   0.01182  -0.00028
   0.00005   0.00023   0.00000  -0.00028   0.01718
   occupation matrix (subspace #           4 , spin            1 )
   0.01182   0.00159  -0.00029  -0.00159  -0.00005
   0.00159   0.01182   0.00019  -0.00159  -0.00023
  -0.00029   0.00019   0.01718  -0.00011   0.00000
  -0.00159  -0.00159  -0.00011   0.01182  -0.00028
  -0.00005  -0.00023   0.00000  -0.00028   0.01718
   occupation matrix (subspace #           5 , spin            1 )
   0.01182  -0.00159   0.00029  -0.00159   0.00005
  -0.00159   0.01182   0.00019   0.00159  -0.00023
   0.00029   0.00019   0.01718   0.00011   0.00000
  -0.00159   0.00159   0.00011   0.01182   0.00028
   0.00005  -0.00023   0.00000   0.00028   0.01718
   occupation matrix (subspace #           6 , spin            1 )
   0.01182  -0.00159  -0.00029   0.00159  -0.00005
  -0.00159   0.01182  -0.00019  -0.00159   0.00023
  -0.00029  -0.00019   0.01718   0.00011   0.00000
   0.00159  -0.00159   0.00011   0.01182   0.00028
  -0.00005   0.00023   0.00000   0.00028   0.01718
   occupation matrix (subspace #           7 , spin            1 )
   0.01182   0.00159   0.00029   0.00159   0.00005
   0.00159   0.01182  -0.00019   0.00159   0.00023
   0.00029  -0.00019   0.01718  -0.00011   0.00000
   0.00159   0.00159  -0.00011   0.01182  -0.00028
   0.00005   0.00023   0.00000  -0.00028   0.01718
   occupation matrix (subspace #           8 , spin            1 )
   0.01182   0.00159  -0.00029  -0.00159  -0.00005
   0.00159   0.01182   0.00019  -0.00159  -0.00023
  -0.00029   0.00019   0.01718  -0.00011   0.00000
  -0.00159  -0.00159  -0.00011   0.01182  -0.00028
  -0.00005  -0.00023   0.00000  -0.00028   0.01718
   occupation matrix (subspace #           9 , spin            1 )
   0.01655   0.00425   0.00000  -0.00000   0.00000
   0.00425   0.01519  -0.00000   0.00000   0.00000
   0.00000  -0.00000   0.01669   0.00008  -0.00041
  -0.00000   0.00000   0.00008   0.01410   0.00065
   0.00000   0.00000  -0.00041   0.00065   0.01651
   occupation matrix (subspace #          10 , spin            1 )
   0.01655   0.00425  -0.00000   0.00000  -0.00000
   0.00425   0.01519   0.00000  -0.00000  -0.00000
  -0.00000   0.00000   0.01669   0.00008  -0.00041
   0.00000  -0.00000   0.00008   0.01410   0.00065
  -0.00000  -0.00000  -0.00041   0.00065   0.01651
   occupation matrix (subspace #          11 , spin            1 )
   0.01655  -0.00425  -0.00000   0.00000   0.00000
  -0.00425   0.01519   0.00000   0.00000  -0.00000
  -0.00000   0.00000   0.01669  -0.00008  -0.00041
   0.00000   0.00000  -0.00008   0.01410  -0.00065
   0.00000  -0.00000  -0.00041  -0.00065   0.01651
   occupation matrix (subspace #          12 , spin            1 )
   0.01410   0.00000   0.00060   0.00000   0.00026
   0.00000   0.01655   0.00000  -0.00425   0.00000
   0.00060   0.00000   0.01620   0.00000   0.00013
   0.00000  -0.00425   0.00000   0.01519   0.00000
   0.00026   0.00000   0.00013   0.00000   0.01700
   occupation matrix (subspace #          13 , spin            1 )
   0.01410   0.00000   0.00060  -0.00000   0.00026
   0.00000   0.01655   0.00000  -0.00425  -0.00000
   0.00060   0.00000   0.01620  -0.00000   0.00013
  -0.00000  -0.00425  -0.00000   0.01519  -0.00000
   0.00026  -0.00000   0.00013  -0.00000   0.01700
   occupation matrix (subspace #          14 , spin            1 )
   0.01410  -0.00000  -0.00060  -0.00000  -0.00026
  -0.00000   0.01655  -0.00000   0.00425  -0.00000
  -0.00060  -0.00000   0.01620  -0.00000   0.00013
  -0.00000   0.00425  -0.00000   0.01519  -0.00000
  -0.00026  -0.00000   0.00013  -0.00000   0.01700
   occupation matrix (subspace #          15 , spin            1 )
   0.01519   0.00000  -0.00000  -0.00425   0.00000
   0.00000   0.01410  -0.00052  -0.00000   0.00039
  -0.00000  -0.00052   0.01691  -0.00000   0.00029
  -0.00425  -0.00000  -0.00000   0.01655   0.00000
   0.00000   0.00039   0.00029   0.00000   0.01629
   occupation matrix (subspace #          16 , spin            1 )
   0.01519   0.00000  -0.00000  -0.00425  -0.00000
   0.00000   0.01410  -0.00052   0.00000   0.00039
  -0.00000  -0.00052   0.01691  -0.00000   0.00029
  -0.00425   0.00000  -0.00000   0.01655   0.00000
  -0.00000   0.00039   0.00029   0.00000   0.01629
   occupation matrix (subspace #          17 , spin            1 )
   0.01519  -0.00000  -0.00000   0.00425  -0.00000
  -0.00000   0.01410   0.00052  -0.00000  -0.00039
  -0.00000   0.00052   0.01691  -0.00000   0.00029
   0.00425  -0.00000  -0.00000   0.01655   0.00000
  -0.00000  -0.00039   0.00029   0.00000   0.01629
   occupation matrix (subspace #          18 , spin            1 )
   0.01655   0.00425  -0.00000  -0.00000   0.00000
   0.00425   0.01519  -0.00000   0.00000   0.00000
  -0.00000  -0.00000   0.01669   0.00008  -0.00041
  -0.00000   0.00000   0.00008   0.01410   0.00065
   0.00000   0.00000  -0.00041   0.00065   0.01651
   occupation matrix (subspace #          19 , spin            1 )
   0.01655   0.00425  -0.00000   0.00000   0.00000
   0.00425   0.01519   0.00000  -0.00000  -0.00000
  -0.00000   0.00000   0.01669   0.00008  -0.00041
   0.00000  -0.00000   0.00008   0.01410   0.00065
   0.00000  -0.00000  -0.00041   0.00065   0.01651
   occupation matrix (subspace #          20 , spin            1 )
   0.01655  -0.00425  -0.00000   0.00000   0.00000
  -0.00425   0.01519   0.00000   0.00000  -0.00000
  -0.00000   0.00000   0.01669  -0.00008  -0.00041
   0.00000   0.00000  -0.00008   0.01410  -0.00065
   0.00000  -0.00000  -0.00041  -0.00065   0.01651
   occupation matrix (subspace #          21 , spin            1 )
   0.01410  -0.00000   0.00060   0.00000   0.00026
  -0.00000   0.01655  -0.00000  -0.00425   0.00000
   0.00060  -0.00000   0.01620   0.00000   0.00013
   0.00000  -0.00425   0.00000   0.01519   0.00000
   0.00026   0.00000   0.00013   0.00000   0.01700
   occupation matrix (subspace #          22 , spin            1 )
   0.01410  -0.00000   0.00060   0.00000   0.00026
  -0.00000   0.01655   0.00000  -0.00425   0.00000
   0.00060   0.00000   0.01620  -0.00000   0.00013
   0.00000  -0.00425  -0.00000   0.01519  -0.00000
   0.00026   0.00000   0.00013  -0.00000   0.01700
   occupation matrix (subspace #          23 , spin            1 )
   0.01410  -0.00000  -0.00060  -0.00000  -0.00026
  -0.00000   0.01655  -0.00000   0.00425  -0.00000
  -0.00060  -0.00000   0.01620   0.00000   0.00013
  -0.00000   0.00425   0.00000   0.01519  -0.00000
  -0.00026  -0.00000   0.00013  -0.00000   0.01700
   occupation matrix (subspace #          24 , spin            1 )
   0.01519   0.00000  -0.00000  -0.00425  -0.00000
   0.00000   0.01410  -0.00052  -0.00000   0.00039
  -0.00000  -0.00052   0.01691  -0.00000   0.00029
  -0.00425  -0.00000  -0.00000   0.01655  -0.00000
  -0.00000   0.00039   0.00029  -0.00000   0.01629
   occupation matrix (subspace #          25 , spin            1 )
   0.01519   0.00000  -0.00000  -0.00425  -0.00000
   0.00000   0.01410  -0.00052  -0.00000   0.00039
  -0.00000  -0.00052   0.01691  -0.00000   0.00029
  -0.00425  -0.00000  -0.00000   0.01655  -0.00000
  -0.00000   0.00039   0.00029  -0.00000   0.01629
   occupation matrix (subspace #          26 , spin            1 )
   0.01519   0.00000  -0.00000   0.00425  -0.00000
   0.00000   0.01410   0.00052  -0.00000  -0.00039
  -0.00000   0.00052   0.01691  -0.00000   0.00029
   0.00425  -0.00000  -0.00000   0.01655  -0.00000
  -0.00000  -0.00039   0.00029  -0.00000   0.01629
   occupation matrix (subspace #          27 , spin            1 )
   0.01655  -0.00425  -0.00000   0.00000  -0.00000
  -0.00425   0.01519  -0.00000  -0.00000   0.00000
  -0.00000  -0.00000   0.01669  -0.00008  -0.00041
   0.00000  -0.00000  -0.00008   0.01410  -0.00065
  -0.00000   0.00000  -0.00041  -0.00065   0.01651
   occupation matrix (subspace #          28 , spin            1 )
   0.01410   0.00000  -0.00060   0.00000  -0.00026
   0.00000   0.01655   0.00000   0.00425   0.00000
  -0.00060   0.00000   0.01620   0.00000   0.00013
   0.00000   0.00425   0.00000   0.01519   0.00000
  -0.00026   0.00000   0.00013   0.00000   0.01700
   occupation matrix (subspace #          29 , spin            1 )
   0.01519  -0.00000  -0.00000   0.00425  -0.00000
  -0.00000   0.01410   0.00052  -0.00000  -0.00039
  -0.00000   0.00052   0.01691   0.00000   0.00029
   0.00425  -0.00000   0.00000   0.01655   0.00000
  -0.00000  -0.00039   0.00029   0.00000   0.01629
   occupation matrix (subspace #          30 , spin            1 )
   0.01655  -0.00425  -0.00000   0.00000  -0.00000
  -0.00425   0.01519  -0.00000  -0.00000   0.00000
  -0.00000  -0.00000   0.01669  -0.00008  -0.00041
   0.00000  -0.00000  -0.00008   0.01410  -0.00065
  -0.00000   0.00000  -0.00041  -0.00065   0.01651
   occupation matrix (subspace #          31 , spin            1 )
   0.01410   0.00000  -0.00060  -0.00000  -0.00026
   0.00000   0.01655  -0.00000   0.00425   0.00000
  -0.00060  -0.00000   0.01620  -0.00000   0.00013
  -0.00000   0.00425  -0.00000   0.01519   0.00000
  -0.00026   0.00000   0.00013   0.00000   0.01700
   occupation matrix (subspace #          32 , spin            1 )
   0.01519  -0.00000   0.00000   0.00425   0.00000
  -0.00000   0.01410   0.00052  -0.00000  -0.00039
   0.00000   0.00052   0.01691   0.00000   0.00029
   0.00425  -0.00000   0.00000   0.01655  -0.00000
   0.00000  -0.00039   0.00029  -0.00000   0.01629
   occupation matrix (subspace #          33 , spin            1 )
   1.84904   0.01060   0.01931
   0.01060   1.85329   0.01961
   0.01931   0.01961   1.89214
   occupation matrix (subspace #          34 , spin            1 )
   1.84904  -0.01060  -0.01931
  -0.01060   1.85329   0.01961
  -0.01931   0.01961   1.89214
   occupation matrix (subspace #          35 , spin            1 )
   1.84904  -0.01060   0.01931
  -0.01060   1.85329  -0.01961
   0.01931  -0.01961   1.89214
   occupation matrix (subspace #          36 , spin            1 )
   1.84904   0.01060  -0.01931
   0.01060   1.85329  -0.01961
  -0.01931  -0.01961   1.89214
   occupation matrix (subspace #          37 , spin            1 )
   1.89214  -0.01932   0.01961
  -0.01932   1.84903  -0.01060
   0.01961  -0.01060   1.85329
   occupation matrix (subspace #          38 , spin            1 )
   1.89214   0.01932   0.01961
   0.01932   1.84903   0.01060
   0.01961   0.01060   1.85329
   occupation matrix (subspace #          39 , spin            1 )
   1.89214  -0.01932  -0.01961
  -0.01932   1.84903   0.01060
  -0.01961   0.01060   1.85329
   occupation matrix (subspace #          40 , spin            1 )
   1.89214   0.01932  -0.01961
   0.01932   1.84903  -0.01060
  -0.01961  -0.01060   1.85329
   occupation matrix (subspace #          41 , spin            1 )
   1.85329  -0.01961  -0.01060
  -0.01961   1.89214   0.01931
  -0.01060   0.01931   1.84903
   occupation matrix (subspace #          42 , spin            1 )
   1.85329  -0.01961   0.01060
  -0.01961   1.89214  -0.01931
   0.01060  -0.01931   1.84903
   occupation matrix (subspace #          43 , spin            1 )
   1.85329   0.01961   0.01060
   0.01961   1.89214   0.01931
   0.01060   0.01931   1.84903
   occupation matrix (subspace #          44 , spin            1 )
   1.85329   0.01961  -0.01060
   0.01961   1.89214  -0.01931
  -0.01060  -0.01931   1.84903
   occupation matrix (subspace #          45 , spin            1 )
   1.84904   0.01060   0.01931
   0.01060   1.85329   0.01961
   0.01931   0.01961   1.89214
   occupation matrix (subspace #          46 , spin            1 )
   1.84904  -0.01060  -0.01931
  -0.01060   1.85329   0.01961
  -0.01931   0.01961   1.89214
   occupation matrix (subspace #          47 , spin            1 )
   1.84904  -0.01060   0.01931
  -0.01060   1.85329  -0.01961
   0.01931  -0.01961   1.89214
   occupation matrix (subspace #          48 , spin            1 )
   1.84904   0.01060  -0.01931
   0.01060   1.85329  -0.01961
  -0.01931  -0.01961   1.89214
   occupation matrix (subspace #          49 , spin            1 )
   1.89214  -0.01932   0.01961
  -0.01932   1.84903  -0.01060
   0.01961  -0.01060   1.85329
   occupation matrix (subspace #          50 , spin            1 )
   1.89214   0.01932   0.01961
   0.01932   1.84903   0.01060
   0.01961   0.01060   1.85329
   occupation matrix (subspace #          51 , spin            1 )
   1.89214  -0.01932  -0.01961
  -0.01932   1.84903   0.01060
  -0.01961   0.01060   1.85329
   occupation matrix (subspace #          52 , spin            1 )
   1.89214   0.01932  -0.01961
   0.01932   1.84903  -0.01060
  -0.01961  -0.01060   1.85329
   occupation matrix (subspace #          53 , spin            1 )
   1.85329  -0.01961  -0.01060
  -0.01961   1.89214   0.01931
  -0.01060   0.01931   1.84903
   occupation matrix (subspace #          54 , spin            1 )
   1.85329  -0.01961   0.01060
  -0.01961   1.89214  -0.01931
   0.01060  -0.01931   1.84903
   occupation matrix (subspace #          55 , spin            1 )
   1.85329   0.01961   0.01060
   0.01961   1.89214   0.01931
   0.01060   0.01931   1.84903
   occupation matrix (subspace #          56 , spin            1 )
   1.85329   0.01961  -0.01060
   0.01961   1.89214  -0.01931
  -0.01060  -0.01931   1.84903
   occupation matrix (subspace #          57 , spin            1 )
   1.84904   0.01060   0.01931
   0.01060   1.85329   0.01961
   0.01931   0.01961   1.89214
   occupation matrix (subspace #          58 , spin            1 )
   1.84904  -0.01060  -0.01931
  -0.01060   1.85329   0.01961
  -0.01931   0.01961   1.89214
   occupation matrix (subspace #          59 , spin            1 )
   1.84904  -0.01060   0.01931
  -0.01060   1.85329  -0.01961
   0.01931  -0.01961   1.89214
   occupation matrix (subspace #          60 , spin            1 )
   1.84904   0.01060  -0.01931
   0.01060   1.85329  -0.01961
  -0.01931  -0.01961   1.89214
   occupation matrix (subspace #          61 , spin            1 )
   1.89214  -0.01932   0.01961
  -0.01932   1.84903  -0.01060
   0.01961  -0.01060   1.85329
   occupation matrix (subspace #          62 , spin            1 )
   1.89214   0.01932   0.01961
   0.01932   1.84903   0.01060
   0.01961   0.01060   1.85329
   occupation matrix (subspace #          63 , spin            1 )
   1.89214  -0.01932  -0.01961
  -0.01932   1.84903   0.01060
  -0.01961   0.01060   1.85329
   occupation matrix (subspace #          64 , spin            1 )
   1.89214   0.01932  -0.01961
   0.01932   1.84903  -0.01060
  -0.01961  -0.01060   1.85329
   occupation matrix (subspace #          65 , spin            1 )
   1.85329  -0.01961  -0.01060
  -0.01961   1.89214   0.01931
  -0.01060   0.01931   1.84903
   occupation matrix (subspace #          66 , spin            1 )
   1.85329  -0.01961   0.01060
  -0.01961   1.89214  -0.01931
   0.01060  -0.01931   1.84903
   occupation matrix (subspace #          67 , spin            1 )
   1.85329   0.01961   0.01060
   0.01961   1.89214   0.01931
   0.01060   0.01931   1.84903
   occupation matrix (subspace #          68 , spin            1 )
   1.85329   0.01961  -0.01060
   0.01961   1.89214  -0.01931
  -0.01060  -0.01931   1.84903
   occupation matrix (subspace #          69 , spin            1 )
   1.84904   0.01060   0.01931
   0.01060   1.85329   0.01961
   0.01931   0.01961   1.89214
   occupation matrix (subspace #          70 , spin            1 )
   1.84904  -0.01060  -0.01931
  -0.01060   1.85329   0.01961
  -0.01931   0.01961   1.89214
   occupation matrix (subspace #          71 , spin            1 )
   1.84904  -0.01060   0.01931
  -0.01060   1.85329  -0.01961
   0.01931  -0.01961   1.89214
   occupation matrix (subspace #          72 , spin            1 )
   1.84904   0.01060  -0.01931
   0.01060   1.85329  -0.01961
  -0.01931  -0.01961   1.89214
   occupation matrix (subspace #          73 , spin            1 )
   1.89214  -0.01932   0.01961
  -0.01932   1.84903  -0.01060
   0.01961  -0.01060   1.85329
   occupation matrix (subspace #          74 , spin            1 )
   1.89214   0.01932   0.01961
   0.01932   1.84903   0.01060
   0.01961   0.01060   1.85329
   occupation matrix (subspace #          75 , spin            1 )
   1.89214  -0.01932  -0.01961
  -0.01932   1.84903   0.01060
  -0.01961   0.01060   1.85329
   occupation matrix (subspace #          76 , spin            1 )
   1.89214   0.01932  -0.01961
   0.01932   1.84903  -0.01060
  -0.01961  -0.01060   1.85329
   occupation matrix (subspace #          77 , spin            1 )
   1.85329  -0.01961  -0.01060
  -0.01961   1.89214   0.01931
  -0.01060   0.01931   1.84903
   occupation matrix (subspace #          78 , spin            1 )
   1.85329  -0.01961   0.01060
  -0.01961   1.89214  -0.01931
   0.01060  -0.01931   1.84903
   occupation matrix (subspace #          79 , spin            1 )
   1.85329   0.01961   0.01060
   0.01961   1.89214   0.01931
   0.01060   0.01931   1.84903
   occupation matrix (subspace #          80 , spin            1 )
   1.85329   0.01961  -0.01060
   0.01961   1.89214  -0.01931
  -0.01060  -0.01931   1.84903
