   occupation matrix (subspace #           1 , spin            1 )
   2.72130  -0.44256  -0.00000   0.00000  -0.00000
  -0.44256   0.09958  -0.00000   0.00000  -0.00000
  -0.00000  -0.00000   2.95543  -0.03477  -0.03781
   0.00000   0.00000  -0.03477   0.08091  -0.39745
  -0.00000  -0.00000  -0.03781  -0.39745   2.86496
   occupation matrix (subspace #           2 , spin            1 )
   2.72130   0.44256  -0.00000  -0.00000  -0.00000
   0.44256   0.09958   0.00000   0.00000   0.00000
  -0.00000   0.00000   2.95543   0.03477  -0.03781
  -0.00000   0.00000   0.03477   0.08091   0.39745
  -0.00000   0.00000  -0.03781   0.39745   2.86496
   occupation matrix (subspace #           3 , spin            1 )
   2.72130  -0.44256  -0.00000   0.00000  -0.00000
  -0.44256   0.09958  -0.00000   0.00000  -0.00000
  -0.00000  -0.00000   2.95543  -0.03477  -0.03781
   0.00000   0.00000  -0.03477   0.08091  -0.39745
  -0.00000  -0.00000  -0.03781  -0.39745   2.86496
   occupation matrix (subspace #           4 , spin            1 )
   2.72130   0.44256   0.00000   0.00000  -0.00000
   0.44256   0.09958   0.00000   0.00000  -0.00000
   0.00000   0.00000   2.95543   0.03477  -0.03781
   0.00000   0.00000   0.03477   0.08091   0.39745
  -0.00000  -0.00000  -0.03781   0.39745   2.86496
   occupation matrix (subspace #           5 , spin            1 )
   1.67512   0.00000   0.00000
   0.00000   1.30196   0.07170
   0.00000   0.07170   1.70144
   occupation matrix (subspace #           6 , spin            1 )
   1.67512   0.00000   0.00000
   0.00000   1.30196  -0.07170
   0.00000  -0.07170   1.70144
   occupation matrix (subspace #           7 , spin            1 )
   1.67512   0.00000  -0.00000
   0.00000   1.30196   0.07170
  -0.00000   0.07170   1.70144
   occupation matrix (subspace #           8 , spin            1 )
   1.67512  -0.00000  -0.00000
  -0.00000   1.30196  -0.07170
  -0.00000  -0.07170   1.70144
   occupation matrix (subspace #           9 , spin            1 )
   1.65611  -0.00000  -0.00000
  -0.00000   1.61028   0.21068
  -0.00000   0.21068   1.37954
   occupation matrix (subspace #          10 , spin            1 )
   1.65611   0.00000  -0.00000
   0.00000   1.61028  -0.21068
  -0.00000  -0.21068   1.37954
   occupation matrix (subspace #          11 , spin            1 )
   1.65611  -0.00000  -0.00000
  -0.00000   1.61028   0.21068
  -0.00000   0.21068   1.37954
   occupation matrix (subspace #          12 , spin            1 )
   1.65611  -0.00000  -0.00000
  -0.00000   1.61028  -0.21068
  -0.00000  -0.21068   1.37954
   occupation matrix (subspace #          13 , spin            1 )
   1.43557   0.21133  -0.19161
   0.21133   1.67545   0.09208
  -0.19161   0.09208   1.56575
   occupation matrix (subspace #          14 , spin            1 )
   1.43557   0.21133   0.19161
   0.21133   1.67545  -0.09208
   0.19161  -0.09208   1.56575
   occupation matrix (subspace #          15 , spin            1 )
   1.43557  -0.21133   0.19161
  -0.21133   1.67545   0.09208
   0.19161   0.09208   1.56575
   occupation matrix (subspace #          16 , spin            1 )
   1.43557  -0.21133  -0.19161
  -0.21133   1.67545  -0.09208
  -0.19161  -0.09208   1.56575
   occupation matrix (subspace #          17 , spin            1 )
   1.43557   0.21133  -0.19161
   0.21133   1.67545   0.09208
  -0.19161   0.09208   1.56575
   occupation matrix (subspace #          18 , spin            1 )
   1.43557   0.21133   0.19161
   0.21133   1.67545  -0.09208
   0.19161  -0.09208   1.56575
   occupation matrix (subspace #          19 , spin            1 )
   1.43557  -0.21133   0.19161
  -0.21133   1.67545   0.09208
   0.19161   0.09208   1.56575
   occupation matrix (subspace #          20 , spin            1 )
   1.43557  -0.21133  -0.19161
  -0.21133   1.67545  -0.09208
  -0.19161  -0.09208   1.56575
