   occupation matrix (subspace #           1 , spin            1 )
   1.90930   0.10039   0.02088   0.10039  -0.00000
   0.10039   1.90930   0.01044  -0.10039  -0.01808
   0.02088   0.01044   2.02691   0.01044  -0.00000
   0.10039  -0.10039   0.01044   1.90930   0.01808
  -0.00000  -0.01808  -0.00000   0.01808   2.02691
   occupation matrix (subspace #           2 , spin            1 )
   1.90930   0.10039  -0.02088  -0.10039  -0.00000
   0.10039   1.90930  -0.01044   0.10039   0.01808
  -0.02088  -0.01044   2.02691   0.01044   0.00000
  -0.10039   0.10039   0.01044   1.90930   0.01808
  -0.00000   0.01808   0.00000   0.01808   2.02691
   occupation matrix (subspace #           3 , spin            1 )
   1.90930  -0.10039   0.02088  -0.10039  -0.00000
  -0.10039   1.90930  -0.01044  -0.10039   0.01808
   0.02088  -0.01044   2.02691  -0.01044  -0.00000
  -0.10039  -0.10039  -0.01044   1.90930  -0.01808
  -0.00000   0.01808  -0.00000  -0.01808   2.02691
   occupation matrix (subspace #           4 , spin            1 )
   1.90930  -0.10039  -0.02088   0.10039  -0.00000
  -0.10039   1.90930   0.01044   0.10039  -0.01808
  -0.02088   0.01044   2.02691  -0.01044   0.00000
   0.10039   0.10039  -0.01044   1.90930  -0.01808
  -0.00000  -0.01808   0.00000  -0.01808   2.02691
   occupation matrix (subspace #           5 , spin            1 )
   1.46992   0.00000   0.00000
   0.00000   1.46992   0.00000
   0.00000   0.00000   1.46992
   occupation matrix (subspace #           6 , spin            1 )
   1.46992  -0.00000   0.00000
  -0.00000   1.46992   0.00000
   0.00000   0.00000   1.46992
