   occupation matrix (subspace #           1 , spin            1 )
   2.99268  -0.13127  -0.00000   0.00000   0.00000
  -0.13127   0.02452  -0.00000  -0.00000  -0.00000
  -0.00000  -0.00000   3.00519  -0.01513  -0.01953
   0.00000  -0.00000  -0.01513   0.02214  -0.10895
   0.00000  -0.00000  -0.01953  -0.10895   3.05332
   occupation matrix (subspace #           2 , spin            1 )
   2.99268   0.13127  -0.00000  -0.00000   0.00000
   0.13127   0.02452  -0.00000  -0.00000   0.00000
  -0.00000  -0.00000   3.00519   0.01513  -0.01953
  -0.00000  -0.00000   0.01513   0.02214   0.10895
   0.00000   0.00000  -0.01953   0.10895   3.05332
   occupation matrix (subspace #           3 , spin            1 )
   2.99268  -0.13127  -0.00000   0.00000   0.00000
  -0.13127   0.02452  -0.00000  -0.00000  -0.00000
  -0.00000  -0.00000   3.00519  -0.01513  -0.01953
   0.00000  -0.00000  -0.01513   0.02214  -0.10895
   0.00000  -0.00000  -0.01953  -0.10895   3.05332
   occupation matrix (subspace #           4 , spin            1 )
   2.99268   0.13127  -0.00000  -0.00000   0.00000
   0.13127   0.02452   0.00000  -0.00000   0.00000
  -0.00000   0.00000   3.00519   0.01513  -0.01953
  -0.00000  -0.00000   0.01513   0.02214   0.10895
   0.00000   0.00000  -0.01953   0.10895   3.05332
   occupation matrix (subspace #           5 , spin            1 )
   1.65568  -0.00000   0.00000
  -0.00000   1.28071   0.05709
   0.00000   0.05709   1.67284
   occupation matrix (subspace #           6 , spin            1 )
   1.65568   0.00000   0.00000
   0.00000   1.28071  -0.05709
   0.00000  -0.05709   1.67284
   occupation matrix (subspace #           7 , spin            1 )
   1.65568  -0.00000   0.00000
  -0.00000   1.28071   0.05709
   0.00000   0.05709   1.67284
   occupation matrix (subspace #           8 , spin            1 )
   1.65568  -0.00000  -0.00000
  -0.00000   1.28071  -0.05709
  -0.00000  -0.05709   1.67284
   occupation matrix (subspace #           9 , spin            1 )
   1.65662  -0.00000   0.00000
  -0.00000   1.65148   0.24304
   0.00000   0.24304   1.32717
   occupation matrix (subspace #          10 , spin            1 )
   1.65662  -0.00000  -0.00000
  -0.00000   1.65148  -0.24304
  -0.00000  -0.24304   1.32717
   occupation matrix (subspace #          11 , spin            1 )
   1.65662  -0.00000   0.00000
  -0.00000   1.65148   0.24304
   0.00000   0.24304   1.32717
   occupation matrix (subspace #          12 , spin            1 )
   1.65662   0.00000   0.00000
   0.00000   1.65148  -0.24304
   0.00000  -0.24304   1.32717
   occupation matrix (subspace #          13 , spin            1 )
   1.43998   0.23083  -0.17228
   0.23083   1.69647   0.08153
  -0.17228   0.08153   1.60339
   occupation matrix (subspace #          14 , spin            1 )
   1.43998   0.23083   0.17228
   0.23083   1.69647  -0.08153
   0.17228  -0.08153   1.60339
   occupation matrix (subspace #          15 , spin            1 )
   1.43998  -0.23083   0.17228
  -0.23083   1.69647   0.08153
   0.17228   0.08153   1.60339
   occupation matrix (subspace #          16 , spin            1 )
   1.43998  -0.23083  -0.17228
  -0.23083   1.69647  -0.08153
  -0.17228  -0.08153   1.60339
   occupation matrix (subspace #          17 , spin            1 )
   1.43998   0.23083  -0.17228
   0.23083   1.69647   0.08153
  -0.17228   0.08153   1.60339
   occupation matrix (subspace #          18 , spin            1 )
   1.43998   0.23083   0.17228
   0.23083   1.69647  -0.08153
   0.17228  -0.08153   1.60339
   occupation matrix (subspace #          19 , spin            1 )
   1.43998  -0.23083   0.17228
  -0.23083   1.69647   0.08153
   0.17228   0.08153   1.60339
   occupation matrix (subspace #          20 , spin            1 )
   1.43998  -0.23083  -0.17228
  -0.23083   1.69647  -0.08153
  -0.17228  -0.08153   1.60339
