   occupation matrix (subspace #           1 , spin            1 )
   0.91796   0.00000  -0.00000   0.52308   0.00000
   0.00000   0.58029   0.05683   0.00000  -0.49772
  -0.00000   0.05683   1.34562   0.00000   0.04013
   0.52308   0.00000   0.00000   0.65096  -0.00000
   0.00000  -0.49772   0.04013  -0.00000   0.98623
   occupation matrix (subspace #           2 , spin            1 )
   0.91796  -0.00000   0.00000   0.52308  -0.00000
  -0.00000   0.58029   0.05683  -0.00000  -0.49772
   0.00000   0.05683   1.34562  -0.00000   0.04013
   0.52308  -0.00000  -0.00000   0.65096   0.00000
  -0.00000  -0.49772   0.04013   0.00000   0.98623
   occupation matrix (subspace #           3 , spin            1 )
   0.91796  -0.00000   0.00000   0.52308  -0.00000
  -0.00000   0.58029   0.05683  -0.00000  -0.49772
   0.00000   0.05683   1.34562  -0.00000   0.04013
   0.52308  -0.00000  -0.00000   0.65096   0.00000
  -0.00000  -0.49772   0.04013   0.00000   0.98623
   occupation matrix (subspace #           4 , spin            1 )
   1.67029  -0.00264  -0.00000
  -0.00264   1.77275  -0.00000
  -0.00000  -0.00000   1.67381
   occupation matrix (subspace #           5 , spin            1 )
   1.67029  -0.00264   0.00000
  -0.00264   1.77275   0.00000
   0.00000   0.00000   1.67381
   occupation matrix (subspace #           6 , spin            1 )
   1.67029  -0.00264  -0.00000
  -0.00264   1.77275  -0.00000
  -0.00000  -0.00000   1.67381
   occupation matrix (subspace #           7 , spin            1 )
   1.67029  -0.00264   0.00000
  -0.00264   1.77275   0.00000
   0.00000   0.00000   1.67381
   occupation matrix (subspace #           8 , spin            1 )
   1.67029  -0.00264  -0.00000
  -0.00264   1.77275  -0.00000
  -0.00000  -0.00000   1.67381
   occupation matrix (subspace #           9 , spin            1 )
   1.67029  -0.00264   0.00000
  -0.00264   1.77275   0.00000
   0.00000   0.00000   1.67381
