   occupation matrix (subspace #           1 , spin            1 )
   0.15828   0.00000  -0.00062   0.00000  -0.03738
   0.00000   0.23049   0.00000  -0.01198   0.00000
  -0.00062   0.00000   0.17825   0.00000   0.00277
   0.00000  -0.01198   0.00000   0.24390   0.00000
  -0.03738   0.00000   0.00277   0.00000   0.11053
   occupation matrix (subspace #           2 , spin            1 )
   0.15828   0.00000  -0.00062   0.00000  -0.03738
   0.00000   0.23049   0.00000  -0.01198   0.00000
  -0.00062   0.00000   0.17825   0.00000   0.00277
   0.00000  -0.01198   0.00000   0.24390   0.00000
  -0.03738   0.00000   0.00277   0.00000   0.11053
   occupation matrix (subspace #           3 , spin            1 )
   0.15828   0.00000   0.00062   0.00000   0.03738
   0.00000   0.23049   0.00000   0.01198   0.00000
   0.00062   0.00000   0.17825   0.00000   0.00277
   0.00000   0.01198   0.00000   0.24391   0.00000
   0.03738   0.00000   0.00277   0.00000   0.11053
   occupation matrix (subspace #           4 , spin            1 )
   0.15828   0.00000   0.00062   0.00000   0.03738
   0.00000   0.23049   0.00000   0.01198   0.00000
   0.00062   0.00000   0.17825   0.00000   0.00277
   0.00000   0.01198   0.00000   0.24391   0.00000
   0.03738   0.00000   0.00277   0.00000   0.11053
   occupation matrix (subspace #           5 , spin            1 )
   2.16228   0.05765  -0.03461
   0.05765   0.91665   0.08147
  -0.03461   0.08147   2.03509
   occupation matrix (subspace #           6 , spin            1 )
   2.16228  -0.05765  -0.03461
  -0.05765   0.91665  -0.08148
  -0.03461  -0.08148   2.03509
   occupation matrix (subspace #           7 , spin            1 )
   2.16228   0.05764   0.03461
   0.05764   0.91665  -0.08148
   0.03461  -0.08148   2.03509
   occupation matrix (subspace #           8 , spin            1 )
   2.16228  -0.05765   0.03461
  -0.05765   0.91665   0.08147
   0.03461   0.08147   2.03509
   occupation matrix (subspace #           9 , spin            1 )
   2.16229   0.05765  -0.03461
   0.05765   0.91665   0.08147
  -0.03461   0.08147   2.03509
   occupation matrix (subspace #          10 , spin            1 )
   2.16229  -0.05765  -0.03461
  -0.05765   0.91665  -0.08147
  -0.03461  -0.08147   2.03508
   occupation matrix (subspace #          11 , spin            1 )
   2.16229   0.05765   0.03461
   0.05765   0.91664  -0.08148
   0.03461  -0.08148   2.03508
   occupation matrix (subspace #          12 , spin            1 )
   2.16229  -0.05766   0.03461
  -0.05766   0.91665   0.08147
   0.03461   0.08147   2.03509
   occupation matrix (subspace #          13 , spin            1 )
   1.69694  -0.02333   0.00000
  -0.02333   1.73071   0.00000
   0.00000   0.00000   1.75242
   occupation matrix (subspace #          14 , spin            1 )
   1.69694   0.02333   0.00000
   0.02333   1.73071   0.00000
   0.00000   0.00000   1.75242
   occupation matrix (subspace #          15 , spin            1 )
   1.69694  -0.02333   0.00000
  -0.02333   1.73071   0.00000
   0.00000   0.00000   1.75242
   occupation matrix (subspace #          16 , spin            1 )
   1.69694   0.02333   0.00000
   0.02333   1.73071   0.00000
   0.00000   0.00000   1.75242
