   occupation matrix (subspace #           1 , spin            1 )
   0.09258  -0.00347   0.00127   0.00142  -0.01101
  -0.00347   0.09661  -0.00618  -0.00174  -0.00970
   0.00127  -0.00618   0.07916  -0.00841   0.00043
   0.00142  -0.00174  -0.00841   0.09331   0.00719
  -0.01101  -0.00970   0.00043   0.00719   0.07553
   occupation matrix (subspace #           2 , spin            1 )
   0.09258  -0.00347  -0.00127  -0.00142   0.01101
  -0.00347   0.09661   0.00618   0.00174   0.00970
  -0.00127   0.00618   0.07916  -0.00841   0.00043
  -0.00142   0.00174  -0.00841   0.09331   0.00719
   0.01101   0.00970   0.00043   0.00719   0.07553
   occupation matrix (subspace #           3 , spin            1 )
   0.09258  -0.00347   0.00127   0.00142  -0.01101
  -0.00347   0.09661  -0.00618  -0.00174  -0.00970
   0.00127  -0.00618   0.07916  -0.00841   0.00043
   0.00142  -0.00174  -0.00841   0.09331   0.00719
  -0.01101  -0.00970   0.00043   0.00719   0.07553
   occupation matrix (subspace #           4 , spin            1 )
   0.09258  -0.00347  -0.00127  -0.00142   0.01101
  -0.00347   0.09661   0.00618   0.00174   0.00970
  -0.00127   0.00618   0.07916  -0.00841   0.00043
  -0.00142   0.00174  -0.00841   0.09331   0.00719
   0.01101   0.00970   0.00043   0.00719   0.07553
   occupation matrix (subspace #           5 , spin            1 )
   0.09065   0.00028   0.00077   0.00168   0.01131
   0.00028   0.09921   0.00675  -0.00140  -0.00083
   0.00077   0.00675   0.07788   0.00834  -0.00016
   0.00168  -0.00140   0.00834   0.09323  -0.00797
   0.01131  -0.00083  -0.00016  -0.00797   0.07529
   occupation matrix (subspace #           6 , spin            1 )
   0.09065   0.00028  -0.00077  -0.00168  -0.01131
   0.00028   0.09921  -0.00675   0.00140   0.00083
  -0.00077  -0.00675   0.07788   0.00834  -0.00016
  -0.00168   0.00140   0.00834   0.09323  -0.00797
  -0.01131   0.00083  -0.00016  -0.00797   0.07529
   occupation matrix (subspace #           7 , spin            1 )
   0.09065   0.00028   0.00077   0.00168   0.01131
   0.00028   0.09921   0.00675  -0.00140  -0.00083
   0.00077   0.00675   0.07788   0.00834  -0.00016
   0.00168  -0.00140   0.00834   0.09323  -0.00797
   0.01131  -0.00083  -0.00016  -0.00797   0.07529
   occupation matrix (subspace #           8 , spin            1 )
   0.09065   0.00028  -0.00077  -0.00168  -0.01131
   0.00028   0.09921  -0.00675   0.00140   0.00083
  -0.00077  -0.00675   0.07788   0.00834  -0.00016
  -0.00168   0.00140   0.00834   0.09323  -0.00797
  -0.01131   0.00083  -0.00016  -0.00797   0.07529
   occupation matrix (subspace #           9 , spin            1 )
   1.65974  -0.01068   0.00524
  -0.01068   1.66447  -0.01528
   0.00524  -0.01528   1.46129
   occupation matrix (subspace #          10 , spin            1 )
   1.65975   0.01068  -0.00525
   0.01068   1.66447  -0.01528
  -0.00525  -0.01528   1.46129
   occupation matrix (subspace #          11 , spin            1 )
   1.65974  -0.01068   0.00524
  -0.01068   1.66447  -0.01528
   0.00524  -0.01528   1.46129
   occupation matrix (subspace #          12 , spin            1 )
   1.65974   0.01068  -0.00525
   0.01068   1.66447  -0.01528
  -0.00525  -0.01528   1.46129
   occupation matrix (subspace #          13 , spin            1 )
   1.66165   0.01015   0.00573
   0.01015   1.66736   0.01736
   0.00573   0.01736   1.46724
   occupation matrix (subspace #          14 , spin            1 )
   1.66165  -0.01015  -0.00573
  -0.01015   1.66736   0.01736
  -0.00573   0.01736   1.46724
   occupation matrix (subspace #          15 , spin            1 )
   1.66165   0.01015   0.00573
   0.01015   1.66736   0.01736
   0.00573   0.01736   1.46724
   occupation matrix (subspace #          16 , spin            1 )
   1.66165  -0.01015  -0.00573
  -0.01015   1.66736   0.01736
  -0.00573   0.01736   1.46724
   occupation matrix (subspace #          17 , spin            1 )
   1.45893   0.01551  -0.01354
   0.01551   1.62654   0.01097
  -0.01354   0.01097   1.60055
   occupation matrix (subspace #          18 , spin            1 )
   1.45893  -0.01551   0.01354
  -0.01551   1.62654   0.01097
   0.01354   0.01097   1.60055
   occupation matrix (subspace #          19 , spin            1 )
   1.45893   0.01551  -0.01354
   0.01551   1.62654   0.01097
  -0.01354   0.01097   1.60055
   occupation matrix (subspace #          20 , spin            1 )
   1.45893  -0.01551   0.01354
  -0.01551   1.62654   0.01097
   0.01354   0.01097   1.60055
   occupation matrix (subspace #          21 , spin            1 )
   1.45915  -0.01100   0.01776
  -0.01100   1.63199  -0.00378
   0.01776  -0.00378   1.59928
   occupation matrix (subspace #          22 , spin            1 )
   1.45914   0.01100  -0.01776
   0.01100   1.63199  -0.00378
  -0.01776  -0.00378   1.59928
   occupation matrix (subspace #          23 , spin            1 )
   1.45914  -0.01100   0.01776
  -0.01100   1.63199  -0.00378
   0.01776  -0.00378   1.59928
   occupation matrix (subspace #          24 , spin            1 )
   1.45914   0.01100  -0.01776
   0.01100   1.63199  -0.00378
  -0.01776  -0.00378   1.59928
   occupation matrix (subspace #          25 , spin            1 )
   1.58358   0.00531   0.00488
   0.00531   1.45263   0.01974
   0.00488   0.01974   1.57428
   occupation matrix (subspace #          26 , spin            1 )
   1.58359  -0.00531  -0.00488
  -0.00531   1.45263   0.01974
  -0.00488   0.01974   1.57428
   occupation matrix (subspace #          27 , spin            1 )
   1.58358   0.00531   0.00488
   0.00531   1.45263   0.01974
   0.00488   0.01974   1.57428
   occupation matrix (subspace #          28 , spin            1 )
   1.58359  -0.00531  -0.00488
  -0.00531   1.45263   0.01974
  -0.00488   0.01974   1.57428
   occupation matrix (subspace #          29 , spin            1 )
   1.58837   0.02224   0.01105
   0.02224   1.44989  -0.01897
   0.01105  -0.01897   1.57046
   occupation matrix (subspace #          30 , spin            1 )
   1.58837  -0.02224  -0.01105
  -0.02224   1.44989  -0.01897
  -0.01105  -0.01897   1.57046
   occupation matrix (subspace #          31 , spin            1 )
   1.58837   0.02224   0.01105
   0.02224   1.44989  -0.01897
   0.01105  -0.01897   1.57046
   occupation matrix (subspace #          32 , spin            1 )
   1.58837  -0.02224  -0.01105
  -0.02224   1.44989  -0.01897
  -0.01105  -0.01897   1.57046
