   occupation matrix (subspace #           1 , spin            1 )
   1.95534   0.16736   0.03198   0.16736   0.00000
   0.16736   1.95534   0.01599  -0.16736  -0.02770
   0.03198   0.01599   2.16563   0.01599   0.00000
   0.16736  -0.16736   0.01599   1.95534   0.02770
   0.00000  -0.02770   0.00000   0.02770   2.16563
   occupation matrix (subspace #           2 , spin            1 )
   1.95534   0.16736  -0.03198  -0.16736  -0.00000
   0.16736   1.95534  -0.01599   0.16736   0.02770
  -0.03198  -0.01599   2.16563   0.01599   0.00000
  -0.16736   0.16736   0.01599   1.95534   0.02770
  -0.00000   0.02770   0.00000   0.02770   2.16563
   occupation matrix (subspace #           3 , spin            1 )
   1.95534  -0.16736   0.03198  -0.16736   0.00000
  -0.16736   1.95534  -0.01599  -0.16736   0.02770
   0.03198  -0.01599   2.16563  -0.01599   0.00000
  -0.16736  -0.16736  -0.01599   1.95534  -0.02770
   0.00000   0.02770   0.00000  -0.02770   2.16563
   occupation matrix (subspace #           4 , spin            1 )
   1.95534  -0.16736  -0.03198   0.16736  -0.00000
  -0.16736   1.95534   0.01599   0.16736  -0.02770
  -0.03198   0.01599   2.16563  -0.01599   0.00000
   0.16736   0.16736  -0.01599   1.95534  -0.02770
  -0.00000  -0.02770   0.00000  -0.02770   2.16563
   occupation matrix (subspace #           5 , spin            1 )
   1.55955  -0.00000   0.00000
  -0.00000   1.55955   0.00000
   0.00000   0.00000   1.55955
   occupation matrix (subspace #           6 , spin            1 )
   1.55955  -0.00000   0.00000
  -0.00000   1.55955  -0.00000
   0.00000  -0.00000   1.55955
