   occupation matrix (subspace #           1 , spin            1 )
   0.09131  -0.00339   0.00137   0.00145  -0.01134
  -0.00339   0.09544  -0.00644  -0.00179  -0.00965
   0.00137  -0.00644   0.07641  -0.00880   0.00034
   0.00145  -0.00179  -0.00880   0.09203   0.00728
  -0.01134  -0.00965   0.00034   0.00728   0.07286
   occupation matrix (subspace #           2 , spin            1 )
   0.09131  -0.00339  -0.00137  -0.00145   0.01134
  -0.00339   0.09544   0.00644   0.00179   0.00965
  -0.00137   0.00644   0.07641  -0.00880   0.00034
  -0.00145   0.00179  -0.00880   0.09203   0.00728
   0.01134   0.00965   0.00034   0.00728   0.07286
   occupation matrix (subspace #           3 , spin            1 )
   0.09131  -0.00339   0.00137   0.00145  -0.01134
  -0.00339   0.09544  -0.00644  -0.00179  -0.00965
   0.00137  -0.00644   0.07641  -0.00880   0.00034
   0.00145  -0.00179  -0.00880   0.09203   0.00728
  -0.01134  -0.00965   0.00034   0.00728   0.07286
   occupation matrix (subspace #           4 , spin            1 )
   0.09131  -0.00339  -0.00137  -0.00145   0.01134
  -0.00339   0.09544   0.00644   0.00179   0.00965
  -0.00137   0.00644   0.07641  -0.00880   0.00034
  -0.00145   0.00179  -0.00880   0.09203   0.00728
   0.01134   0.00965   0.00034   0.00728   0.07286
   occupation matrix (subspace #           5 , spin            1 )
   0.08941   0.00021   0.00070   0.00170   0.01166
   0.00021   0.09798   0.00687  -0.00140  -0.00058
   0.00070   0.00687   0.07506   0.00869  -0.00022
   0.00170  -0.00140   0.00869   0.09198  -0.00807
   0.01166  -0.00058  -0.00022  -0.00807   0.07268
   occupation matrix (subspace #           6 , spin            1 )
   0.08941   0.00021  -0.00070  -0.00170  -0.01166
   0.00021   0.09798  -0.00687   0.00140   0.00058
  -0.00070  -0.00687   0.07506   0.00869  -0.00022
  -0.00170   0.00140   0.00869   0.09198  -0.00807
  -0.01166   0.00058  -0.00022  -0.00807   0.07268
   occupation matrix (subspace #           7 , spin            1 )
   0.08941   0.00022   0.00070   0.00170   0.01166
   0.00022   0.09798   0.00687  -0.00140  -0.00058
   0.00070   0.00687   0.07506   0.00869  -0.00022
   0.00170  -0.00140   0.00869   0.09198  -0.00807
   0.01166  -0.00058  -0.00022  -0.00807   0.07268
   occupation matrix (subspace #           8 , spin            1 )
   0.08941   0.00021  -0.00070  -0.00170  -0.01166
   0.00021   0.09798  -0.00687   0.00140   0.00058
  -0.00070  -0.00687   0.07506   0.00869  -0.00022
  -0.00170   0.00140   0.00869   0.09198  -0.00807
  -0.01166   0.00058  -0.00022  -0.00807   0.07268
   occupation matrix (subspace #           9 , spin            1 )
   1.66316  -0.01080   0.00617
  -0.01080   1.66795  -0.01634
   0.00617  -0.01634   1.47611
   occupation matrix (subspace #          10 , spin            1 )
   1.66316   0.01080  -0.00617
   0.01080   1.66795  -0.01634
  -0.00617  -0.01634   1.47611
   occupation matrix (subspace #          11 , spin            1 )
   1.66316  -0.01080   0.00617
  -0.01080   1.66795  -0.01634
   0.00617  -0.01634   1.47611
   occupation matrix (subspace #          12 , spin            1 )
   1.66316   0.01080  -0.00617
   0.01080   1.66795  -0.01634
  -0.00617  -0.01634   1.47611
   occupation matrix (subspace #          13 , spin            1 )
   1.66506   0.01025   0.00665
   0.01025   1.67076   0.01833
   0.00665   0.01833   1.48214
   occupation matrix (subspace #          14 , spin            1 )
   1.66506  -0.01025  -0.00665
  -0.01025   1.67076   0.01833
  -0.00665   0.01833   1.48214
   occupation matrix (subspace #          15 , spin            1 )
   1.66506   0.01025   0.00665
   0.01025   1.67076   0.01833
   0.00665   0.01833   1.48214
   occupation matrix (subspace #          16 , spin            1 )
   1.66506  -0.01025  -0.00665
  -0.01025   1.67076   0.01833
  -0.00665   0.01833   1.48214
   occupation matrix (subspace #          17 , spin            1 )
   1.47217   0.01642  -0.01361
   0.01642   1.63030   0.01080
  -0.01361   0.01080   1.60459
   occupation matrix (subspace #          18 , spin            1 )
   1.47217  -0.01642   0.01361
  -0.01642   1.63030   0.01080
   0.01361   0.01080   1.60458
   occupation matrix (subspace #          19 , spin            1 )
   1.47217   0.01642  -0.01361
   0.01642   1.63030   0.01080
  -0.01361   0.01080   1.60459
   occupation matrix (subspace #          20 , spin            1 )
   1.47217  -0.01642   0.01361
  -0.01642   1.63030   0.01080
   0.01361   0.01080   1.60458
   occupation matrix (subspace #          21 , spin            1 )
   1.47250  -0.00972   0.01766
  -0.00972   1.63561  -0.00352
   0.01766  -0.00352   1.60334
   occupation matrix (subspace #          22 , spin            1 )
   1.47250   0.00972  -0.01766
   0.00972   1.63561  -0.00352
  -0.01766  -0.00352   1.60334
   occupation matrix (subspace #          23 , spin            1 )
   1.47250  -0.00972   0.01766
  -0.00972   1.63561  -0.00352
   0.01766  -0.00352   1.60334
   occupation matrix (subspace #          24 , spin            1 )
   1.47250   0.00972  -0.01766
   0.00972   1.63561  -0.00352
  -0.01766  -0.00352   1.60334
   occupation matrix (subspace #          25 , spin            1 )
   1.58723   0.00525   0.00480
   0.00525   1.46537   0.01929
   0.00480   0.01929   1.57821
   occupation matrix (subspace #          26 , spin            1 )
   1.58723  -0.00525  -0.00480
  -0.00525   1.46537   0.01929
  -0.00480   0.01929   1.57821
   occupation matrix (subspace #          27 , spin            1 )
   1.58723   0.00525   0.00480
   0.00525   1.46537   0.01929
   0.00480   0.01929   1.57821
   occupation matrix (subspace #          28 , spin            1 )
   1.58723  -0.00525  -0.00480
  -0.00525   1.46537   0.01929
  -0.00480   0.01929   1.57821
   occupation matrix (subspace #          29 , spin            1 )
   1.59179   0.02183   0.01099
   0.02183   1.46223  -0.01838
   0.01099  -0.01838   1.57440
   occupation matrix (subspace #          30 , spin            1 )
   1.59180  -0.02183  -0.01099
  -0.02183   1.46223  -0.01838
  -0.01099  -0.01838   1.57441
   occupation matrix (subspace #          31 , spin            1 )
   1.59180   0.02183   0.01099
   0.02183   1.46223  -0.01838
   0.01099  -0.01838   1.57440
   occupation matrix (subspace #          32 , spin            1 )
   1.59180  -0.02183  -0.01100
  -0.02183   1.46223  -0.01838
  -0.01100  -0.01838   1.57441
