   occupation matrix (subspace #           1 , spin            1 )
   1.12282  -0.72587  -0.00000   0.00000  -0.00000
  -0.72587   0.58440  -0.00000   0.00000  -0.00000
  -0.00000  -0.00000   1.71924  -0.02387  -0.01635
   0.00000   0.00000  -0.02387   0.59453  -0.72746
  -0.00000  -0.00000  -0.01635  -0.72746   1.08360
   occupation matrix (subspace #           2 , spin            1 )
   1.12282   0.72587  -0.00000  -0.00000  -0.00000
   0.72587   0.58440   0.00000   0.00000   0.00000
  -0.00000   0.00000   1.71924   0.02387  -0.01635
  -0.00000   0.00000   0.02387   0.59453   0.72746
  -0.00000   0.00000  -0.01635   0.72746   1.08360
   occupation matrix (subspace #           3 , spin            1 )
   1.12282  -0.72587  -0.00000   0.00000  -0.00000
  -0.72587   0.58440  -0.00000   0.00000  -0.00000
  -0.00000  -0.00000   1.71924  -0.02387  -0.01635
   0.00000   0.00000  -0.02387   0.59453  -0.72746
  -0.00000  -0.00000  -0.01635  -0.72746   1.08360
   occupation matrix (subspace #           4 , spin            1 )
   1.12282   0.72587  -0.00000  -0.00000  -0.00000
   0.72587   0.58440   0.00000   0.00000   0.00000
  -0.00000   0.00000   1.71924   0.02387  -0.01635
  -0.00000   0.00000   0.02387   0.59453   0.72746
  -0.00000   0.00000  -0.01635   0.72746   1.08360
   occupation matrix (subspace #           5 , spin            1 )
   1.62239  -0.00000   0.00000
  -0.00000   1.09537  -0.04417
   0.00000  -0.04417   1.58009
   occupation matrix (subspace #           6 , spin            1 )
   1.62239   0.00000  -0.00000
   0.00000   1.09537   0.04417
  -0.00000   0.04417   1.58009
   occupation matrix (subspace #           7 , spin            1 )
   1.62239  -0.00000  -0.00000
  -0.00000   1.09537  -0.04417
  -0.00000  -0.04417   1.58009
   occupation matrix (subspace #           8 , spin            1 )
   1.62239   0.00000  -0.00000
   0.00000   1.09537   0.04417
  -0.00000   0.04417   1.58009
   occupation matrix (subspace #           9 , spin            1 )
   1.62933   0.00000  -0.00000
   0.00000   1.53797   0.17519
  -0.00000   0.17519   1.14947
   occupation matrix (subspace #          10 , spin            1 )
   1.62933   0.00000   0.00000
   0.00000   1.53797  -0.17519
   0.00000  -0.17519   1.14947
   occupation matrix (subspace #          11 , spin            1 )
   1.62933  -0.00000   0.00000
  -0.00000   1.53797   0.17519
   0.00000   0.17519   1.14947
   occupation matrix (subspace #          12 , spin            1 )
   1.62933   0.00000   0.00000
   0.00000   1.53797  -0.17519
   0.00000  -0.17519   1.14947
   occupation matrix (subspace #          13 , spin            1 )
   1.32121   0.15655  -0.17381
   0.15655   1.53094   0.13824
  -0.17381   0.13824   1.54017
   occupation matrix (subspace #          14 , spin            1 )
   1.32121   0.15655   0.17381
   0.15655   1.53094  -0.13824
   0.17381  -0.13824   1.54017
   occupation matrix (subspace #          15 , spin            1 )
   1.32121  -0.15655   0.17381
  -0.15655   1.53094   0.13824
   0.17381   0.13824   1.54017
   occupation matrix (subspace #          16 , spin            1 )
   1.32121  -0.15655  -0.17381
  -0.15655   1.53094  -0.13824
  -0.17381  -0.13824   1.54017
   occupation matrix (subspace #          17 , spin            1 )
   1.32121   0.15655  -0.17381
   0.15655   1.53094   0.13824
  -0.17381   0.13824   1.54017
   occupation matrix (subspace #          18 , spin            1 )
   1.32121   0.15655   0.17381
   0.15655   1.53094  -0.13824
   0.17381  -0.13824   1.54017
   occupation matrix (subspace #          19 , spin            1 )
   1.32121  -0.15655   0.17381
  -0.15655   1.53094   0.13824
   0.17381   0.13824   1.54017
   occupation matrix (subspace #          20 , spin            1 )
   1.32121  -0.15655  -0.17381
  -0.15655   1.53094  -0.13824
  -0.17381  -0.13824   1.54017
