   occupation matrix (subspace #           1 , spin            1 )
   1.42099  -0.88483   0.00000   0.00000   0.00000
  -0.88483   0.78297   0.00000   0.00000   0.00000
   0.00000   0.00000   2.04000   0.02021   0.01256
   0.00000   0.00000   0.02021   0.86670  -0.91711
   0.00000   0.00000   0.01256  -0.91711   1.32487
   occupation matrix (subspace #           2 , spin            1 )
   1.42099   0.88483   0.00000   0.00000   0.00000
   0.88483   0.78297   0.00000   0.00000   0.00000
   0.00000   0.00000   2.04000  -0.02021   0.01256
   0.00000   0.00000  -0.02021   0.86670   0.91711
   0.00000   0.00000   0.01256   0.91711   1.32487
   occupation matrix (subspace #           3 , spin            1 )
   1.42099  -0.88483   0.00000   0.00000   0.00000
  -0.88483   0.78297   0.00000   0.00000   0.00000
   0.00000   0.00000   2.04000   0.02021   0.01256
   0.00000   0.00000   0.02021   0.86670  -0.91711
   0.00000   0.00000   0.01256  -0.91711   1.32487
   occupation matrix (subspace #           4 , spin            1 )
   1.42099   0.88483   0.00000   0.00000   0.00000
   0.88483   0.78297   0.00000   0.00000   0.00000
   0.00000   0.00000   2.04000  -0.02021   0.01256
   0.00000   0.00000  -0.02021   0.86670   0.91711
   0.00000   0.00000   0.01256   0.91711   1.32487
   occupation matrix (subspace #           5 , spin            1 )
   1.56920   0.00000   0.00000
   0.00000   1.02568  -0.05910
   0.00000  -0.05910   1.50952
   occupation matrix (subspace #           6 , spin            1 )
   1.56920   0.00000   0.00000
   0.00000   1.02568   0.05910
   0.00000   0.05910   1.50952
   occupation matrix (subspace #           7 , spin            1 )
   1.56920   0.00000   0.00000
   0.00000   1.02568  -0.05910
   0.00000  -0.05910   1.50952
   occupation matrix (subspace #           8 , spin            1 )
   1.56920   0.00000   0.00000
   0.00000   1.02568   0.05910
   0.00000   0.05910   1.50952
   occupation matrix (subspace #           9 , spin            1 )
   1.57655   0.00000   0.00000
   0.00000   1.47601   0.15981
   0.00000   0.15981   1.08107
   occupation matrix (subspace #          10 , spin            1 )
   1.57655   0.00000   0.00000
   0.00000   1.47601  -0.15981
   0.00000  -0.15981   1.08107
   occupation matrix (subspace #          11 , spin            1 )
   1.57655   0.00000   0.00000
   0.00000   1.47601   0.15981
   0.00000   0.15981   1.08107
   occupation matrix (subspace #          12 , spin            1 )
   1.57655   0.00000   0.00000
   0.00000   1.47601  -0.15981
   0.00000  -0.15981   1.08107
   occupation matrix (subspace #          13 , spin            1 )
   1.26189   0.13535  -0.16769
   0.13535   1.46301   0.15330
  -0.16769   0.15330   1.49096
   occupation matrix (subspace #          14 , spin            1 )
   1.26189   0.13535   0.16769
   0.13535   1.46301  -0.15330
   0.16769  -0.15330   1.49096
   occupation matrix (subspace #          15 , spin            1 )
   1.26189  -0.13535   0.16769
  -0.13535   1.46301   0.15330
   0.16769   0.15330   1.49096
   occupation matrix (subspace #          16 , spin            1 )
   1.26189  -0.13535  -0.16769
  -0.13535   1.46301  -0.15330
  -0.16769  -0.15330   1.49096
   occupation matrix (subspace #          17 , spin            1 )
   1.26189   0.13535  -0.16769
   0.13535   1.46301   0.15330
  -0.16769   0.15330   1.49096
   occupation matrix (subspace #          18 , spin            1 )
   1.26189   0.13535   0.16769
   0.13535   1.46301  -0.15330
   0.16769  -0.15330   1.49096
   occupation matrix (subspace #          19 , spin            1 )
   1.26189  -0.13535   0.16769
  -0.13535   1.46301   0.15330
   0.16769   0.15330   1.49096
   occupation matrix (subspace #          20 , spin            1 )
   1.26189  -0.13535  -0.16769
  -0.13535   1.46301  -0.15330
  -0.16769  -0.15330   1.49096
