   occupation matrix (subspace #           1 , spin            1 )
   0.16493  -0.00024   0.05940   0.00024   0.00000
  -0.00024   0.16379  -0.00099  -0.06378   0.00076
   0.05940  -0.00099   0.11424   0.00099   0.00000
   0.00024  -0.06378   0.00099   0.16378   0.00076
   0.00000   0.00076   0.00000   0.00076   0.10044
   occupation matrix (subspace #           2 , spin            1 )
   0.16712   0.00038  -0.05977  -0.00038  -0.00000
   0.00038   0.16305   0.00043   0.06488  -0.00057
  -0.05977   0.00043   0.10771  -0.00043   0.00000
  -0.00038   0.06488  -0.00043   0.16306  -0.00057
  -0.00000  -0.00057   0.00000  -0.00057   0.10045
   occupation matrix (subspace #           3 , spin            1 )
   0.16713  -0.00051   0.06079   0.00051   0.00000
  -0.00051   0.16285   0.00187  -0.06529  -0.00075
   0.06079   0.00187   0.10994  -0.00187   0.00000
   0.00051  -0.06529  -0.00187   0.16285  -0.00075
   0.00000  -0.00075   0.00000  -0.00075   0.10048
   occupation matrix (subspace #           4 , spin            1 )
   0.16579   0.00046  -0.05966  -0.00046  -0.00000
   0.00046   0.16492  -0.00056   0.06528  -0.00065
  -0.05966  -0.00056   0.11069   0.00056   0.00000
  -0.00046   0.06528   0.00056   0.16492  -0.00064
  -0.00000  -0.00065   0.00000  -0.00064   0.10193
   occupation matrix (subspace #           5 , spin            1 )
   0.16489   0.00010   0.05975  -0.00010   0.00000
   0.00010   0.16374  -0.00144  -0.06397   0.00037
   0.05975  -0.00144   0.11426   0.00144   0.00000
  -0.00010  -0.06397   0.00144   0.16374   0.00037
   0.00000   0.00037   0.00000   0.00037   0.10010
   occupation matrix (subspace #           6 , spin            1 )
   0.16579   0.00046  -0.05966  -0.00046  -0.00000
   0.00046   0.16492  -0.00056   0.06528  -0.00065
  -0.05966  -0.00056   0.11069   0.00056   0.00000
  -0.00046   0.06528   0.00056   0.16492  -0.00064
  -0.00000  -0.00065   0.00000  -0.00064   0.10192
   occupation matrix (subspace #           7 , spin            1 )
   0.16558   0.00014   0.05987   0.00075  -0.00056
   0.00014   0.16334   0.00044  -0.06460   0.00007
   0.05987   0.00044   0.11224  -0.00053  -0.00016
   0.00075  -0.06460  -0.00053   0.16466   0.00033
  -0.00056   0.00007  -0.00016   0.00033   0.10017
   occupation matrix (subspace #           8 , spin            1 )
   0.16657  -0.00005  -0.06042   0.00014   0.00006
  -0.00005   0.16392   0.00049   0.06538  -0.00036
  -0.06042   0.00049   0.10962   0.00072  -0.00011
   0.00014   0.06538   0.00072   0.16345   0.00025
   0.00006  -0.00036  -0.00011   0.00025   0.10057
   occupation matrix (subspace #           9 , spin            1 )
   0.16648   0.00019   0.06020  -0.00035   0.00013
   0.00019   0.16288  -0.00057  -0.06506   0.00049
   0.06020  -0.00057   0.10940   0.00077   0.00053
  -0.00035  -0.06506   0.00077   0.16375  -0.00015
   0.00013   0.00049   0.00053  -0.00015   0.10066
   occupation matrix (subspace #          10 , spin            1 )
   0.16663  -0.00004  -0.06090  -0.00045   0.00067
  -0.00004   0.16386  -0.00071   0.06439  -0.00017
  -0.06090  -0.00071   0.10999  -0.00033  -0.00058
  -0.00045   0.06439  -0.00033   0.16346  -0.00046
   0.00067  -0.00017  -0.00058  -0.00046   0.10220
   occupation matrix (subspace #          11 , spin            1 )
   0.16530  -0.00002   0.06031   0.00013  -0.00101
  -0.00002   0.16270   0.00001  -0.06415   0.00001
   0.06031   0.00001   0.11327   0.00044  -0.00014
   0.00013  -0.06415   0.00044   0.16487   0.00034
  -0.00101   0.00001  -0.00014   0.00034   0.10158
   occupation matrix (subspace #          12 , spin            1 )
   0.16699  -0.00012  -0.06082  -0.00033   0.00008
  -0.00012   0.16202   0.00022   0.06454  -0.00032
  -0.06082   0.00022   0.10928  -0.00009   0.00037
  -0.00033   0.06454  -0.00009   0.16413   0.00035
   0.00008  -0.00032   0.00037   0.00035   0.10148
   occupation matrix (subspace #          13 , spin            1 )
   0.16534  -0.00017   0.05986   0.00015  -0.00060
  -0.00017   0.16286   0.00127  -0.06430  -0.00056
   0.05986   0.00127   0.11231  -0.00098  -0.00004
   0.00015  -0.06430  -0.00098   0.16502  -0.00103
  -0.00060  -0.00056  -0.00004  -0.00103   0.10078
   occupation matrix (subspace #          14 , spin            1 )
   0.16657  -0.00005  -0.06042   0.00014   0.00006
  -0.00005   0.16392   0.00049   0.06538  -0.00036
  -0.06042   0.00049   0.10962   0.00072  -0.00011
   0.00014   0.06538   0.00072   0.16345   0.00025
   0.00006  -0.00036  -0.00011   0.00025   0.10057
   occupation matrix (subspace #          15 , spin            1 )
   0.16597   0.00026   0.06069  -0.00026  -0.00000
   0.00026   0.16371  -0.00131  -0.06395   0.00025
   0.06069  -0.00131   0.10973   0.00131  -0.00000
  -0.00026  -0.06395   0.00131   0.16372   0.00025
  -0.00000   0.00025  -0.00000   0.00025   0.10366
   occupation matrix (subspace #          16 , spin            1 )
   0.16699  -0.00012  -0.06082  -0.00033   0.00008
  -0.00012   0.16202   0.00022   0.06454  -0.00032
  -0.06082   0.00022   0.10928  -0.00009   0.00037
  -0.00033   0.06454  -0.00009   0.16413   0.00035
   0.00008  -0.00032   0.00037   0.00035   0.10148
   occupation matrix (subspace #          17 , spin            1 )
   0.16534  -0.00015   0.05987   0.00017   0.00060
  -0.00015   0.16502   0.00098  -0.06430  -0.00103
   0.05987   0.00098   0.11230  -0.00127   0.00004
   0.00017  -0.06430  -0.00127   0.16286  -0.00056
   0.00060  -0.00103   0.00004  -0.00056   0.10078
   occupation matrix (subspace #          18 , spin            1 )
   0.16662  -0.00004  -0.06091  -0.00045   0.00067
  -0.00004   0.16386  -0.00071   0.06439  -0.00017
  -0.06091  -0.00071   0.10999  -0.00033  -0.00058
  -0.00045   0.06439  -0.00033   0.16346  -0.00046
   0.00067  -0.00017  -0.00058  -0.00046   0.10220
   occupation matrix (subspace #          19 , spin            1 )
   0.16558  -0.00075   0.05986  -0.00014   0.00056
  -0.00075   0.16466   0.00053  -0.06460   0.00033
   0.05986   0.00053   0.11226  -0.00043   0.00016
  -0.00014  -0.06460  -0.00043   0.16335   0.00007
   0.00056   0.00033   0.00016   0.00007   0.10016
   occupation matrix (subspace #          20 , spin            1 )
   0.16656  -0.00013  -0.06042   0.00006  -0.00006
  -0.00013   0.16345  -0.00072   0.06538   0.00025
  -0.06042  -0.00072   0.10962  -0.00049   0.00011
   0.00006   0.06538  -0.00049   0.16393  -0.00037
  -0.00006   0.00025   0.00011  -0.00037   0.10057
   occupation matrix (subspace #          21 , spin            1 )
   0.16648   0.00035   0.06020  -0.00019  -0.00013
   0.00035   0.16374  -0.00077  -0.06506  -0.00016
   0.06020  -0.00077   0.10940   0.00057  -0.00053
  -0.00019  -0.06506   0.00057   0.16288   0.00049
  -0.00013  -0.00016  -0.00053   0.00049   0.10066
   occupation matrix (subspace #          22 , spin            1 )
   0.16663   0.00046  -0.06091   0.00004  -0.00066
   0.00046   0.16345   0.00033   0.06440  -0.00046
  -0.06091   0.00033   0.10998   0.00071   0.00058
   0.00004   0.06440   0.00071   0.16388  -0.00017
  -0.00066  -0.00046   0.00058  -0.00017   0.10221
   occupation matrix (subspace #          23 , spin            1 )
   0.16530  -0.00013   0.06030   0.00003   0.00101
  -0.00013   0.16487  -0.00044  -0.06415   0.00035
   0.06030  -0.00044   0.11327  -0.00001   0.00014
   0.00003  -0.06415  -0.00001   0.16270   0.00001
   0.00101   0.00035   0.00014   0.00001   0.10158
   occupation matrix (subspace #          24 , spin            1 )
   0.16699   0.00033  -0.06082   0.00012  -0.00009
   0.00033   0.16413   0.00008   0.06453   0.00035
  -0.06082   0.00008   0.10927  -0.00023  -0.00036
   0.00012   0.06453  -0.00023   0.16202  -0.00032
  -0.00009   0.00035  -0.00036  -0.00032   0.10149
   occupation matrix (subspace #          25 , spin            1 )
   0.16906   0.00144   0.06602  -0.00144   0.00000
   0.00144   0.16341  -0.00384  -0.06262  -0.00160
   0.06602  -0.00384   0.10930   0.00385   0.00000
  -0.00144  -0.06262   0.00385   0.16341  -0.00160
   0.00000  -0.00160   0.00000  -0.00160   0.10567
   occupation matrix (subspace #          26 , spin            1 )
   0.16633  -0.00151  -0.06037   0.00151  -0.00000
  -0.00151   0.16380   0.00088   0.06599  -0.00149
  -0.06037   0.00088   0.10930  -0.00087   0.00000
   0.00151   0.06599  -0.00087   0.16380  -0.00148
  -0.00000  -0.00149   0.00000  -0.00148   0.10061
   occupation matrix (subspace #          27 , spin            1 )
   0.72159   0.06618  -0.35321  -0.06619  -0.00001
   0.06618   0.95642   0.04912   0.43327   0.50800
  -0.35321   0.04912   0.94433  -0.04912   0.00000
  -0.06619   0.43327  -0.04912   0.95641   0.50799
  -0.00001   0.50800   0.00000   0.50799   1.10088
   occupation matrix (subspace #          28 , spin            1 )
   0.16595   0.00310  -0.05901  -0.00310   0.00000
   0.00310   0.16609  -0.00190   0.06368   0.00139
  -0.05901  -0.00190   0.11008   0.00189   0.00000
  -0.00310   0.06368   0.00189   0.16609   0.00139
   0.00000   0.00139   0.00000   0.00139   0.10393
   occupation matrix (subspace #          29 , spin            1 )
   0.16907   0.00144   0.06602  -0.00144   0.00000
   0.00144   0.16341  -0.00384  -0.06263  -0.00162
   0.06602  -0.00384   0.10928   0.00385   0.00000
  -0.00144  -0.06263   0.00385   0.16341  -0.00162
   0.00000  -0.00162   0.00000  -0.00162   0.10567
   occupation matrix (subspace #          30 , spin            1 )
   0.16810  -0.00038  -0.06325   0.00038  -0.00000
  -0.00038   0.16072  -0.00011   0.06354  -0.00029
  -0.06325  -0.00011   0.10866   0.00012   0.00000
   0.00038   0.06354   0.00012   0.16072  -0.00028
  -0.00000  -0.00029   0.00000  -0.00028   0.11067
   occupation matrix (subspace #          31 , spin            1 )
   0.16530  -0.00013   0.06030   0.00003   0.00101
  -0.00013   0.16487  -0.00044  -0.06415   0.00034
   0.06030  -0.00044   0.11327  -0.00001   0.00014
   0.00003  -0.06415  -0.00001   0.16270   0.00001
   0.00101   0.00034   0.00014   0.00001   0.10158
   occupation matrix (subspace #          32 , spin            1 )
   0.16453   0.00025  -0.05894  -0.00025  -0.00000
   0.00025   0.16466   0.00043   0.06407  -0.00001
  -0.05894   0.00043   0.11535  -0.00043   0.00000
  -0.00025   0.06407  -0.00043   0.16465  -0.00001
  -0.00000  -0.00001   0.00000  -0.00001   0.09998
   occupation matrix (subspace #          33 , spin            1 )
   0.16648   0.00035   0.06020  -0.00019  -0.00013
   0.00035   0.16374  -0.00077  -0.06506  -0.00016
   0.06020  -0.00077   0.10940   0.00057  -0.00053
  -0.00019  -0.06506   0.00057   0.16288   0.00048
  -0.00013  -0.00016  -0.00053   0.00048   0.10066
   occupation matrix (subspace #          34 , spin            1 )
   0.16598  -0.00086  -0.06019   0.00075  -0.00019
  -0.00086   0.16531   0.00097   0.06357  -0.00029
  -0.06019   0.00097   0.10916   0.00048   0.00020
   0.00075   0.06357   0.00048   0.16591  -0.00147
  -0.00019  -0.00029   0.00020  -0.00147   0.10168
   occupation matrix (subspace #          35 , spin            1 )
   0.16558  -0.00075   0.05986  -0.00014   0.00056
  -0.00075   0.16466   0.00053  -0.06460   0.00033
   0.05986   0.00053   0.11226  -0.00043   0.00016
  -0.00014  -0.06460  -0.00043   0.16335   0.00007
   0.00056   0.00033   0.00016   0.00007   0.10016
   occupation matrix (subspace #          36 , spin            1 )
   0.16598  -0.00075  -0.06018   0.00086   0.00018
  -0.00075   0.16591  -0.00048   0.06358  -0.00147
  -0.06018  -0.00048   0.10915  -0.00097  -0.00020
   0.00086   0.06358  -0.00097   0.16531  -0.00029
   0.00018  -0.00147  -0.00020  -0.00029   0.10167
   occupation matrix (subspace #          37 , spin            1 )
   0.16534  -0.00015   0.05987   0.00017   0.00060
  -0.00015   0.16502   0.00098  -0.06430  -0.00103
   0.05987   0.00098   0.11229  -0.00127   0.00004
   0.00017  -0.06430  -0.00127   0.16286  -0.00056
   0.00060  -0.00103   0.00004  -0.00056   0.10078
   occupation matrix (subspace #          38 , spin            1 )
   0.16656  -0.00013  -0.06042   0.00006  -0.00006
  -0.00013   0.16345  -0.00072   0.06538   0.00025
  -0.06042  -0.00072   0.10962  -0.00049   0.00011
   0.00006   0.06538  -0.00049   0.16393  -0.00037
  -0.00006   0.00025   0.00011  -0.00037   0.10057
   occupation matrix (subspace #          39 , spin            1 )
   0.16597   0.00026   0.06069  -0.00026  -0.00000
   0.00026   0.16371  -0.00131  -0.06395   0.00025
   0.06069  -0.00131   0.10973   0.00131  -0.00000
  -0.00026  -0.06395   0.00131   0.16372   0.00025
  -0.00000   0.00025  -0.00000   0.00025   0.10367
   occupation matrix (subspace #          40 , spin            1 )
   0.16699   0.00033  -0.06082   0.00012  -0.00009
   0.00033   0.16413   0.00008   0.06453   0.00035
  -0.06082   0.00008   0.10927  -0.00023  -0.00036
   0.00012   0.06453  -0.00023   0.16202  -0.00032
  -0.00009   0.00035  -0.00036  -0.00032   0.10149
   occupation matrix (subspace #          41 , spin            1 )
   0.16534  -0.00017   0.05986   0.00015  -0.00060
  -0.00017   0.16286   0.00127  -0.06430  -0.00056
   0.05986   0.00127   0.11231  -0.00098  -0.00004
   0.00015  -0.06430  -0.00098   0.16503  -0.00103
  -0.00060  -0.00056  -0.00004  -0.00103   0.10078
   occupation matrix (subspace #          42 , spin            1 )
   0.16663   0.00046  -0.06091   0.00004  -0.00066
   0.00046   0.16345   0.00033   0.06440  -0.00046
  -0.06091   0.00033   0.10998   0.00071   0.00058
   0.00004   0.06440   0.00071   0.16388  -0.00017
  -0.00066  -0.00046   0.00058  -0.00017   0.10221
   occupation matrix (subspace #          43 , spin            1 )
   0.16530  -0.00002   0.06031   0.00013  -0.00101
  -0.00002   0.16270   0.00001  -0.06415   0.00001
   0.06031   0.00001   0.11327   0.00044  -0.00014
   0.00013  -0.06415   0.00044   0.16487   0.00034
  -0.00101   0.00001  -0.00014   0.00034   0.10158
   occupation matrix (subspace #          44 , spin            1 )
   0.16453   0.00025  -0.05894  -0.00026  -0.00000
   0.00025   0.16466   0.00043   0.06407  -0.00001
  -0.05894   0.00043   0.11535  -0.00043   0.00000
  -0.00026   0.06407  -0.00043   0.16466  -0.00001
  -0.00000  -0.00001   0.00000  -0.00001   0.09998
   occupation matrix (subspace #          45 , spin            1 )
   0.16648   0.00019   0.06020  -0.00035   0.00013
   0.00019   0.16288  -0.00057  -0.06506   0.00049
   0.06020  -0.00057   0.10940   0.00077   0.00053
  -0.00035  -0.06506   0.00077   0.16375  -0.00015
   0.00013   0.00049   0.00053  -0.00015   0.10066
   occupation matrix (subspace #          46 , spin            1 )
   0.16598  -0.00075  -0.06019   0.00086   0.00018
  -0.00075   0.16591  -0.00048   0.06358  -0.00147
  -0.06019  -0.00048   0.10915  -0.00097  -0.00020
   0.00086   0.06358  -0.00097   0.16531  -0.00028
   0.00018  -0.00147  -0.00020  -0.00028   0.10167
   occupation matrix (subspace #          47 , spin            1 )
   0.16558   0.00014   0.05987   0.00075  -0.00056
   0.00014   0.16334   0.00044  -0.06460   0.00007
   0.05987   0.00044   0.11224  -0.00053  -0.00016
   0.00075  -0.06460  -0.00053   0.16466   0.00033
  -0.00056   0.00007  -0.00016   0.00033   0.10017
   occupation matrix (subspace #          48 , spin            1 )
   0.16598  -0.00086  -0.06019   0.00075  -0.00019
  -0.00086   0.16531   0.00097   0.06357  -0.00029
  -0.06019   0.00097   0.10916   0.00048   0.00020
   0.00075   0.06357   0.00048   0.16591  -0.00147
  -0.00019  -0.00029   0.00020  -0.00147   0.10168
   occupation matrix (subspace #          49 , spin            1 )
   0.16490   0.00010   0.05975  -0.00010   0.00000
   0.00010   0.16374  -0.00144  -0.06398   0.00037
   0.05975  -0.00144   0.11424   0.00144   0.00000
  -0.00010  -0.06398   0.00144   0.16373   0.00037
   0.00000   0.00037   0.00000   0.00037   0.10010
   occupation matrix (subspace #          50 , spin            1 )
   0.16633  -0.00150  -0.06037   0.00150  -0.00000
  -0.00150   0.16380   0.00088   0.06599  -0.00149
  -0.06037   0.00088   0.10930  -0.00087   0.00000
   0.00150   0.06599  -0.00087   0.16380  -0.00149
  -0.00000  -0.00149   0.00000  -0.00149   0.10061
   occupation matrix (subspace #          51 , spin            1 )
   0.16712  -0.00051   0.06079   0.00051   0.00000
  -0.00051   0.16285   0.00187  -0.06530  -0.00075
   0.06079   0.00187   0.10994  -0.00187   0.00000
   0.00051  -0.06530  -0.00187   0.16285  -0.00075
   0.00000  -0.00075   0.00000  -0.00075   0.10048
   occupation matrix (subspace #          52 , spin            1 )
   0.16810  -0.00037  -0.06325   0.00038  -0.00000
  -0.00037   0.16072  -0.00011   0.06354  -0.00029
  -0.06325  -0.00011   0.10866   0.00012   0.00000
   0.00038   0.06354   0.00012   0.16072  -0.00028
  -0.00000  -0.00029   0.00000  -0.00028   0.11068
   occupation matrix (subspace #          53 , spin            1 )
   0.16493  -0.00024   0.05940   0.00025   0.00000
  -0.00024   0.16379  -0.00099  -0.06378   0.00076
   0.05940  -0.00099   0.11423   0.00099   0.00000
   0.00025  -0.06378   0.00099   0.16378   0.00076
   0.00000   0.00076   0.00000   0.00076   0.10044
   occupation matrix (subspace #          54 , spin            1 )
   0.16595   0.00310  -0.05900  -0.00310   0.00000
   0.00310   0.16608  -0.00190   0.06369   0.00139
  -0.05900  -0.00190   0.11008   0.00189   0.00000
  -0.00310   0.06369   0.00189   0.16609   0.00139
   0.00000   0.00139   0.00000   0.00139   0.10391
