   occupation matrix (subspace #           1 , spin            1 )
   0.03081  -0.00006  -0.00118   0.00088   0.00326
  -0.00006   0.03136   0.00648   0.00813  -0.00234
  -0.00118   0.00648   0.03535   0.00594  -0.00205
   0.00088   0.00813   0.00594   0.03500  -0.00562
   0.00326  -0.00234  -0.00205  -0.00562   0.03800
   occupation matrix (subspace #           2 , spin            1 )
   0.03078  -0.00005  -0.00117   0.00103   0.00325
  -0.00005   0.03130   0.00654   0.00806  -0.00236
  -0.00117   0.00654   0.03539   0.00588  -0.00211
   0.00103   0.00806   0.00588   0.03487  -0.00556
   0.00325  -0.00236  -0.00211  -0.00556   0.03802
   occupation matrix (subspace #           3 , spin            1 )
   0.03075  -0.00001   0.00117  -0.00102  -0.00322
  -0.00001   0.03127  -0.00654  -0.00808   0.00234
   0.00117  -0.00654   0.03540   0.00593  -0.00213
  -0.00102  -0.00808   0.00593   0.03484  -0.00554
  -0.00322   0.00234  -0.00213  -0.00554   0.03801
   occupation matrix (subspace #           4 , spin            1 )
   0.03079  -0.00003   0.00118  -0.00089  -0.00320
  -0.00003   0.03134  -0.00648  -0.00815   0.00230
   0.00118  -0.00648   0.03537   0.00599  -0.00206
  -0.00089  -0.00815   0.00599   0.03498  -0.00560
  -0.00320   0.00230  -0.00206  -0.00560   0.03797
   occupation matrix (subspace #           5 , spin            1 )
   1.72206   0.58871  -0.16925
   0.58871   1.55879   0.20169
  -0.16925   0.20169   2.15483
   occupation matrix (subspace #           6 , spin            1 )
   1.58707   0.61617  -0.05169
   0.61617   1.47217   0.05940
  -0.05169   0.05940   2.11814
   occupation matrix (subspace #           7 , spin            1 )
   1.58487  -0.61580   0.05292
  -0.61580   1.47443   0.06066
   0.05292   0.06066   2.11807
   occupation matrix (subspace #           8 , spin            1 )
   1.71855  -0.58829   0.17118
  -0.58829   1.56318   0.20259
   0.17118   0.20259   2.15330
   occupation matrix (subspace #           9 , spin            1 )
   1.72460   0.58860  -0.16954
   0.58860   1.55627   0.20156
  -0.16954   0.20156   2.15436
   occupation matrix (subspace #          10 , spin            1 )
   1.58553   0.61656  -0.05135
   0.61656   1.47429   0.05782
  -0.05135   0.05782   2.11923
   occupation matrix (subspace #          11 , spin            1 )
   1.58092  -0.61639   0.05266
  -0.61639   1.47833   0.05911
   0.05266   0.05911   2.11936
   occupation matrix (subspace #          12 , spin            1 )
   1.72304  -0.58813   0.17119
  -0.58813   1.55869   0.20254
   0.17119   0.20254   2.15293
   occupation matrix (subspace #          13 , spin            1 )
   2.00316   0.02453   0.03316
   0.02453   2.02582   0.01247
   0.03316   0.01247   2.02545
   occupation matrix (subspace #          14 , spin            1 )
   2.00321  -0.02449  -0.03335
  -0.02449   2.02588   0.01215
  -0.03335   0.01215   2.02550
   occupation matrix (subspace #          15 , spin            1 )
   2.00297   0.02476   0.03218
   0.02476   2.02551   0.01291
   0.03218   0.01291   2.02560
   occupation matrix (subspace #          16 , spin            1 )
   2.00281  -0.02476  -0.03245
  -0.02476   2.02542   0.01264
  -0.03245   0.01264   2.02531
