   occupation matrix (subspace #           1 , spin            1 )
   1.47989  -0.00000  -0.00001   0.80855   0.00001
  -0.00000   0.98185   0.10992   0.00001  -0.76448
  -0.00001   0.10992   2.12244   0.00001   0.07650
   0.80855   0.00001   0.00001   1.12440  -0.00001
   0.00001  -0.76448   0.07650  -0.00001   1.62556
   occupation matrix (subspace #           2 , spin            1 )
   1.47980   0.00005  -0.00008   0.80860   0.00014
   0.00005   0.98206   0.10986   0.00005  -0.76455
  -0.00008   0.10986   2.12252   0.00008   0.07649
   0.80860   0.00005   0.00008   1.12453  -0.00010
   0.00014  -0.76455   0.07649  -0.00010   1.62545
   occupation matrix (subspace #           3 , spin            1 )
   1.47988   0.00000   0.00000   0.80855  -0.00000
   0.00000   0.98184   0.10992  -0.00000  -0.76447
   0.00000   0.10992   2.12243  -0.00000   0.07650
   0.80855  -0.00000  -0.00000   1.12440   0.00000
  -0.00000  -0.76447   0.07650   0.00000   1.62557
   occupation matrix (subspace #           4 , spin            1 )
   1.48750   0.00658   0.00412   0.80858  -0.01212
   0.00658   0.98634   0.11508  -0.02471  -0.75806
   0.00412   0.11508   2.11851   0.00081   0.07748
   0.80858  -0.02471   0.00081   1.11138   0.00192
  -0.01212  -0.75806   0.07748   0.00192   1.62862
   occupation matrix (subspace #           5 , spin            1 )
   1.48055  -0.00023   0.00219   0.80821  -0.00313
  -0.00023   0.98236   0.10942  -0.00190  -0.76534
   0.00219   0.10942   2.12293  -0.00267   0.07630
   0.80821  -0.00190  -0.00267   1.12473   0.00218
  -0.00313  -0.76534   0.07630   0.00218   1.62446
   occupation matrix (subspace #           6 , spin            1 )
   1.48055  -0.00023   0.00219   0.80821  -0.00313
  -0.00023   0.98236   0.10942  -0.00190  -0.76534
   0.00219   0.10942   2.12293  -0.00267   0.07630
   0.80821  -0.00190  -0.00267   1.12473   0.00218
  -0.00313  -0.76534   0.07630   0.00218   1.62446
   occupation matrix (subspace #           7 , spin            1 )
   1.47988  -0.00000  -0.00000   0.80855  -0.00000
  -0.00000   0.98184   0.10992   0.00000  -0.76447
  -0.00000   0.10992   2.12243   0.00000   0.07651
   0.80855   0.00000   0.00000   1.12440   0.00000
  -0.00000  -0.76447   0.07651   0.00000   1.62557
   occupation matrix (subspace #           8 , spin            1 )
   1.47988   0.00000   0.00000   0.80855  -0.00000
   0.00000   0.98184   0.10992  -0.00000  -0.76447
   0.00000   0.10992   2.12243  -0.00000   0.07650
   0.80855  -0.00000  -0.00000   1.12440   0.00000
  -0.00000  -0.76447   0.07650   0.00000   1.62557
   occupation matrix (subspace #           9 , spin            1 )
   1.47980   0.00005  -0.00008   0.80860   0.00014
   0.00005   0.98206   0.10986   0.00005  -0.76455
  -0.00008   0.10986   2.12252   0.00008   0.07649
   0.80860   0.00005   0.00008   1.12453  -0.00010
   0.00014  -0.76455   0.07649  -0.00010   1.62545
   occupation matrix (subspace #          10 , spin            1 )
   1.47988  -0.00000   0.00000   0.80855   0.00000
  -0.00000   0.98185   0.10991  -0.00000  -0.76448
   0.00000   0.10991   2.12244   0.00000   0.07650
   0.80855  -0.00000   0.00000   1.12440  -0.00000
   0.00000  -0.76448   0.07650  -0.00000   1.62556
   occupation matrix (subspace #          11 , spin            1 )
   1.47990   0.00001  -0.00014   0.80856   0.00020
   0.00001   0.98204   0.10984   0.00015  -0.76459
  -0.00014   0.10984   2.12252   0.00017   0.07647
   0.80856   0.00015   0.00017   1.12451  -0.00012
   0.00020  -0.76459   0.07647  -0.00012   1.62542
   occupation matrix (subspace #          12 , spin            1 )
   1.47988  -0.00000  -0.00000   0.80855   0.00000
  -0.00000   0.98184   0.10992   0.00000  -0.76447
  -0.00000   0.10992   2.12243   0.00000   0.07650
   0.80855   0.00000   0.00000   1.12440  -0.00000
   0.00000  -0.76447   0.07650  -0.00000   1.62557
   occupation matrix (subspace #          13 , spin            1 )
   1.48092  -0.00000   0.00000   0.80915  -0.00000
  -0.00000   0.97885   0.11265  -0.00000  -0.76356
   0.00000   0.11265   2.12287  -0.00000   0.07777
   0.80915  -0.00000  -0.00000   1.12517  -0.00000
  -0.00000  -0.76356   0.07777  -0.00000   1.63040
   occupation matrix (subspace #          14 , spin            1 )
   1.47956  -0.00097   0.00146   0.80896  -0.00232
  -0.00097   0.98332   0.10938  -0.00115  -0.76442
   0.00146   0.10938   2.12288  -0.00145   0.07630
   0.80896  -0.00115  -0.00145   1.12494   0.00126
  -0.00232  -0.76442   0.07630   0.00126   1.62549
   occupation matrix (subspace #          15 , spin            1 )
   1.47690  -0.00000   0.00000   0.80968  -0.00000
  -0.00000   0.98178   0.11201  -0.00000  -0.76326
   0.00000   0.11201   2.12244  -0.00000   0.07761
   0.80968  -0.00000  -0.00000   1.12643  -0.00000
  -0.00000  -0.76326   0.07761  -0.00000   1.62775
   occupation matrix (subspace #          16 , spin            1 )
   1.47988  -0.00000   0.00000   0.80855  -0.00000
  -0.00000   0.98184   0.10992  -0.00000  -0.76447
   0.00000   0.10992   2.12243   0.00000   0.07650
   0.80855  -0.00000   0.00000   1.12440  -0.00000
  -0.00000  -0.76447   0.07650  -0.00000   1.62557
   occupation matrix (subspace #          17 , spin            1 )
   1.47988   0.00000   0.00000   0.80855  -0.00000
   0.00000   0.98184   0.10992  -0.00000  -0.76447
   0.00000   0.10992   2.12243  -0.00000   0.07650
   0.80855  -0.00000  -0.00000   1.12440   0.00000
  -0.00000  -0.76447   0.07650   0.00000   1.62557
   occupation matrix (subspace #          18 , spin            1 )
   1.47990  -0.00000   0.00000   0.80852  -0.00000
  -0.00000   0.98204   0.10985  -0.00000  -0.76464
   0.00000   0.10985   2.12252  -0.00000   0.07648
   0.80852  -0.00000  -0.00000   1.12458  -0.00000
  -0.00000  -0.76464   0.07648  -0.00000   1.62535
   occupation matrix (subspace #          19 , spin            1 )
   1.47989  -0.00000  -0.00001   0.80855   0.00001
  -0.00000   0.98185   0.10991   0.00001  -0.76448
  -0.00001   0.10991   2.12244   0.00001   0.07650
   0.80855   0.00001   0.00001   1.12439  -0.00001
   0.00001  -0.76448   0.07650  -0.00001   1.62556
   occupation matrix (subspace #          20 , spin            1 )
   1.47990  -0.00000   0.00000   0.80852  -0.00000
  -0.00000   0.98204   0.10985  -0.00000  -0.76464
   0.00000   0.10985   2.12252  -0.00000   0.07648
   0.80852  -0.00000  -0.00000   1.12458  -0.00000
  -0.00000  -0.76464   0.07648  -0.00000   1.62535
   occupation matrix (subspace #          21 , spin            1 )
   1.47988   0.00000   0.00000   0.80855  -0.00000
   0.00000   0.98184   0.10992  -0.00000  -0.76447
   0.00000   0.10992   2.12243  -0.00000   0.07650
   0.80855  -0.00000  -0.00000   1.12440   0.00000
  -0.00000  -0.76447   0.07650   0.00000   1.62557
   occupation matrix (subspace #          22 , spin            1 )
   1.48058   0.00000  -0.00000   0.79975   0.00000
   0.00000   1.95445   0.10601   0.00000  -0.76228
  -0.00000   0.10601   2.12076   0.00000   0.07580
   0.79975   0.00000   0.00000   1.13857   0.00000
   0.00000  -0.76228   0.07580   0.00000   1.63903
   occupation matrix (subspace #          23 , spin            1 )
   1.47690  -0.00000  -0.00000   0.80968   0.00000
  -0.00000   0.98178   0.11201   0.00000  -0.76326
  -0.00000   0.11201   2.12244   0.00000   0.07761
   0.80968   0.00000   0.00000   1.12643  -0.00000
   0.00000  -0.76326   0.07761  -0.00000   1.62775
   occupation matrix (subspace #          24 , spin            1 )
   1.47956  -0.00097   0.00146   0.80896  -0.00232
  -0.00097   0.98332   0.10938  -0.00115  -0.76442
   0.00146   0.10938   2.12288  -0.00145   0.07630
   0.80896  -0.00115  -0.00145   1.12494   0.00126
  -0.00232  -0.76442   0.07630   0.00126   1.62549
   occupation matrix (subspace #          25 , spin            1 )
   1.47989   0.00000   0.00001   0.80855  -0.00001
   0.00000   0.98185   0.10991  -0.00001  -0.76448
   0.00001   0.10991   2.12244  -0.00001   0.07650
   0.80855  -0.00001  -0.00001   1.12439   0.00001
  -0.00001  -0.76448   0.07650   0.00001   1.62556
   occupation matrix (subspace #          26 , spin            1 )
   1.47988  -0.00000  -0.00000   0.80855   0.00000
  -0.00000   0.98184   0.10992   0.00000  -0.76447
  -0.00000   0.10992   2.12243   0.00000   0.07650
   0.80855   0.00000   0.00000   1.12440  -0.00000
   0.00000  -0.76447   0.07650  -0.00000   1.62557
   occupation matrix (subspace #          27 , spin            1 )
   1.47990   0.00001  -0.00014   0.80856   0.00020
   0.00001   0.98204   0.10984   0.00015  -0.76459
  -0.00014   0.10984   2.12252   0.00017   0.07647
   0.80856   0.00015   0.00017   1.12451  -0.00012
   0.00020  -0.76459   0.07647  -0.00012   1.62542
   occupation matrix (subspace #          28 , spin            1 )
   1.47988   0.00000   0.00000   0.80855   0.00000
   0.00000   0.98184   0.10992   0.00000  -0.76447
   0.00000   0.10992   2.12243  -0.00000   0.07650
   0.80855   0.00000  -0.00000   1.12440   0.00000
   0.00000  -0.76447   0.07650   0.00000   1.62557
   occupation matrix (subspace #          29 , spin            1 )
   1.47980  -0.00005   0.00008   0.80860  -0.00014
  -0.00005   0.98206   0.10986  -0.00005  -0.76455
   0.00008   0.10986   2.12252  -0.00008   0.07649
   0.80860  -0.00005  -0.00008   1.12453   0.00010
  -0.00014  -0.76455   0.07649   0.00010   1.62545
   occupation matrix (subspace #          30 , spin            1 )
   1.47988   0.00000   0.00000   0.80855  -0.00000
   0.00000   0.98184   0.10992  -0.00000  -0.76447
   0.00000   0.10992   2.12243  -0.00000   0.07650
   0.80855  -0.00000  -0.00000   1.12440   0.00000
  -0.00000  -0.76447   0.07650   0.00000   1.62557
   occupation matrix (subspace #          31 , spin            1 )
   1.48092  -0.00000   0.00000   0.80915   0.00000
  -0.00000   0.97885   0.11265   0.00000  -0.76356
   0.00000   0.11265   2.12287  -0.00000   0.07777
   0.80915   0.00000  -0.00000   1.12517   0.00000
   0.00000  -0.76356   0.07777   0.00000   1.63040
   occupation matrix (subspace #          32 , spin            1 )
   1.48055   0.00023  -0.00219   0.80821   0.00313
   0.00023   0.98236   0.10942   0.00190  -0.76534
  -0.00219   0.10942   2.12293   0.00267   0.07630
   0.80821   0.00190   0.00267   1.12473  -0.00218
   0.00313  -0.76534   0.07630  -0.00218   1.62446
   occupation matrix (subspace #          33 , spin            1 )
   1.48116  -0.00000  -0.00000   0.80774   0.00000
  -0.00000   0.98311   0.10942   0.00000  -0.76589
  -0.00000   0.10942   2.12293   0.00000   0.07621
   0.80774   0.00000   0.00000   1.12532  -0.00000
   0.00000  -0.76589   0.07621  -0.00000   1.62369
   occupation matrix (subspace #          34 , spin            1 )
   1.47988   0.00000   0.00000   0.80855  -0.00000
   0.00000   0.98185   0.10991  -0.00000  -0.76448
   0.00000   0.10991   2.12244  -0.00000   0.07650
   0.80855  -0.00000  -0.00000   1.12440   0.00000
  -0.00000  -0.76448   0.07650   0.00000   1.62556
   occupation matrix (subspace #          35 , spin            1 )
   1.47988  -0.00000  -0.00000   0.80855   0.00000
  -0.00000   0.98184   0.10992   0.00000  -0.76447
  -0.00000   0.10992   2.12243   0.00000   0.07650
   0.80855   0.00000   0.00000   1.12440  -0.00000
   0.00000  -0.76447   0.07650  -0.00000   1.62557
   occupation matrix (subspace #          36 , spin            1 )
   1.47972  -0.00000  -0.00000   0.80862   0.00000
  -0.00000   0.98197   0.11000   0.00000  -0.76450
  -0.00000   0.11000   2.12249   0.00000   0.07656
   0.80862   0.00000   0.00000   1.12462  -0.00000
   0.00000  -0.76450   0.07656  -0.00000   1.62559
   occupation matrix (subspace #          37 , spin            1 )
   1.47988  -0.00000  -0.00000   0.80855  -0.00000
  -0.00000   0.98184   0.10992   0.00000  -0.76447
  -0.00000   0.10992   2.12243   0.00000   0.07651
   0.80855   0.00000   0.00000   1.12440   0.00000
  -0.00000  -0.76447   0.07651   0.00000   1.62557
   occupation matrix (subspace #          38 , spin            1 )
   1.47987  -0.00000  -0.00000   0.80860   0.00000
  -0.00000   0.98204   0.10982   0.00000  -0.76456
  -0.00000   0.10982   2.12251   0.00000   0.07647
   0.80860   0.00000   0.00000   1.12443  -0.00000
   0.00000  -0.76456   0.07647  -0.00000   1.62544
   occupation matrix (subspace #          39 , spin            1 )
   1.47988   0.00000   0.00000   0.80855  -0.00000
   0.00000   0.98184   0.10992  -0.00000  -0.76447
   0.00000   0.10992   2.12243  -0.00000   0.07650
   0.80855  -0.00000  -0.00000   1.12440   0.00000
  -0.00000  -0.76447   0.07650   0.00000   1.62557
   occupation matrix (subspace #          40 , spin            1 )
   1.48750   0.00658   0.00412   0.80858  -0.01212
   0.00658   0.98634   0.11508  -0.02471  -0.75806
   0.00412   0.11508   2.11851   0.00081   0.07748
   0.80858  -0.02471   0.00081   1.11138   0.00192
  -0.01212  -0.75806   0.07748   0.00192   1.62862
   occupation matrix (subspace #          41 , spin            1 )
   1.47897  -0.00000   0.00000   0.80890  -0.00000
  -0.00000   0.98181   0.11132  -0.00000  -0.76440
   0.00000   0.11132   2.12232  -0.00000   0.07729
   0.80890  -0.00000  -0.00000   1.12525   0.00000
  -0.00000  -0.76440   0.07729   0.00000   1.62561
   occupation matrix (subspace #          42 , spin            1 )
   1.47971  -0.00016  -0.00144   0.80863   0.00141
  -0.00016   0.98281   0.10875   0.00137  -0.76504
  -0.00144   0.10875   2.12279   0.00190   0.07598
   0.80863   0.00137   0.00190   1.12438  -0.00106
   0.00141  -0.76504   0.07598  -0.00106   1.62450
   occupation matrix (subspace #          43 , spin            1 )
   1.47989  -0.00000  -0.00001   0.80855   0.00001
  -0.00000   0.98185   0.10992   0.00001  -0.76448
  -0.00001   0.10992   2.12244   0.00001   0.07650
   0.80855   0.00001   0.00001   1.12440  -0.00001
   0.00001  -0.76448   0.07650  -0.00001   1.62556
   occupation matrix (subspace #          44 , spin            1 )
   1.47988   0.00000   0.00000   0.80855  -0.00000
   0.00000   0.98184   0.10992  -0.00000  -0.76447
   0.00000   0.10992   2.12243  -0.00000   0.07650
   0.80855  -0.00000  -0.00000   1.12440   0.00000
  -0.00000  -0.76447   0.07650   0.00000   1.62557
   occupation matrix (subspace #          45 , spin            1 )
   1.47979   0.00003   0.00007   0.80858  -0.00008
   0.00003   0.98195   0.10996  -0.00010  -0.76455
   0.00007   0.10996   2.12249  -0.00009   0.07653
   0.80858  -0.00010  -0.00009   1.12458   0.00004
  -0.00008  -0.76455   0.07653   0.00004   1.62551
   occupation matrix (subspace #          46 , spin            1 )
   1.47989   0.00000   0.00001   0.80855  -0.00001
   0.00000   0.98185   0.10991  -0.00001  -0.76448
   0.00001   0.10991   2.12244  -0.00001   0.07650
   0.80855  -0.00001  -0.00001   1.12439   0.00001
  -0.00001  -0.76448   0.07650   0.00001   1.62556
   occupation matrix (subspace #          47 , spin            1 )
   1.47979  -0.00003  -0.00007   0.80858   0.00008
  -0.00003   0.98195   0.10996   0.00010  -0.76455
  -0.00007   0.10996   2.12249   0.00009   0.07653
   0.80858   0.00010   0.00009   1.12458  -0.00004
   0.00008  -0.76455   0.07653  -0.00004   1.62551
   occupation matrix (subspace #          48 , spin            1 )
   1.47988  -0.00000  -0.00000   0.80855   0.00000
  -0.00000   0.98184   0.10992   0.00000  -0.76447
  -0.00000   0.10992   2.12243   0.00000   0.07650
   0.80855   0.00000   0.00000   1.12440  -0.00000
   0.00000  -0.76447   0.07650  -0.00000   1.62557
   occupation matrix (subspace #          49 , spin            1 )
   1.48058  -0.00000   0.00000   0.79975  -0.00000
  -0.00000   0.95445   0.10601  -0.00000  -0.76228
   0.00000   0.10601   2.12076  -0.00000   0.07580
   0.79975  -0.00000  -0.00000   1.13857  -0.00000
  -0.00000  -0.76228   0.07580  -0.00000   1.63903
   occupation matrix (subspace #          50 , spin            1 )
   1.47971   0.00016   0.00144   0.80863  -0.00141
   0.00016   0.98281   0.10875  -0.00137  -0.76504
   0.00144   0.10875   2.12279  -0.00190   0.07598
   0.80863  -0.00137  -0.00190   1.12438   0.00106
  -0.00141  -0.76504   0.07598   0.00106   1.62450
   occupation matrix (subspace #          51 , spin            1 )
   1.47956   0.00097  -0.00146   0.80896   0.00232
   0.00097   0.98332   0.10938   0.00115  -0.76442
  -0.00146   0.10938   2.12288   0.00145   0.07630
   0.80896   0.00115   0.00145   1.12494  -0.00126
   0.00232  -0.76442   0.07630  -0.00126   1.62549
   occupation matrix (subspace #          52 , spin            1 )
   1.47989  -0.00000  -0.00001   0.80855   0.00001
  -0.00000   0.98185   0.10991   0.00001  -0.76448
  -0.00001   0.10991   2.12244   0.00001   0.07650
   0.80855   0.00001   0.00001   1.12439  -0.00001
   0.00001  -0.76448   0.07650  -0.00001   1.62556
   occupation matrix (subspace #          53 , spin            1 )
   1.47988  -0.00000  -0.00000   0.80855   0.00000
  -0.00000   0.98184   0.10992   0.00000  -0.76447
  -0.00000   0.10992   2.12243   0.00000   0.07650
   0.80855   0.00000   0.00000   1.12440  -0.00000
   0.00000  -0.76447   0.07650  -0.00000   1.62557
   occupation matrix (subspace #          54 , spin            1 )
   1.47990  -0.00001   0.00014   0.80856  -0.00020
  -0.00001   0.98204   0.10984  -0.00015  -0.76459
   0.00014   0.10984   2.12252  -0.00017   0.07647
   0.80856  -0.00015  -0.00017   1.12451   0.00012
  -0.00020  -0.76459   0.07647   0.00012   1.62542
   occupation matrix (subspace #          55 , spin            1 )
   1.47989   0.00000   0.00001   0.80855  -0.00001
   0.00000   0.98185   0.10992  -0.00001  -0.76448
   0.00001   0.10992   2.12244  -0.00001   0.07650
   0.80855  -0.00001  -0.00001   1.12440   0.00001
  -0.00001  -0.76448   0.07650   0.00001   1.62556
   occupation matrix (subspace #          56 , spin            1 )
   1.47972  -0.00000  -0.00000   0.80862   0.00000
  -0.00000   0.98197   0.11000   0.00000  -0.76450
  -0.00000   0.11000   2.12249   0.00000   0.07656
   0.80862   0.00000   0.00000   1.12462  -0.00000
   0.00000  -0.76450   0.07656  -0.00000   1.62559
   occupation matrix (subspace #          57 , spin            1 )
   1.47988  -0.00000  -0.00000   0.80855   0.00000
  -0.00000   0.98184   0.10992   0.00000  -0.76447
  -0.00000   0.10992   2.12243   0.00000   0.07650
   0.80855   0.00000   0.00000   1.12440  -0.00000
   0.00000  -0.76447   0.07650  -0.00000   1.62557
   occupation matrix (subspace #          58 , spin            1 )
   1.48750  -0.00658  -0.00412   0.80858   0.01212
  -0.00658   0.98634   0.11508   0.02471  -0.75806
  -0.00412   0.11508   2.11851  -0.00081   0.07748
   0.80858   0.02471  -0.00081   1.11138  -0.00192
   0.01212  -0.75806   0.07748  -0.00192   1.62862
   occupation matrix (subspace #          59 , spin            1 )
   1.48116  -0.00000   0.00000   0.80774   0.00000
  -0.00000   0.98311   0.10942   0.00000  -0.76589
   0.00000   0.10942   2.12293  -0.00000   0.07621
   0.80774   0.00000  -0.00000   1.12532  -0.00000
   0.00000  -0.76589   0.07621  -0.00000   1.62369
   occupation matrix (subspace #          60 , spin            1 )
   1.48055   0.00023  -0.00219   0.80821   0.00313
   0.00023   0.98236   0.10942   0.00190  -0.76534
  -0.00219   0.10942   2.12293   0.00267   0.07630
   0.80821   0.00190   0.00267   1.12473  -0.00218
   0.00313  -0.76534   0.07630  -0.00218   1.62446
   occupation matrix (subspace #          61 , spin            1 )
   1.47988   0.00000   0.00000   0.80855   0.00000
   0.00000   0.98184   0.10992  -0.00000  -0.76447
   0.00000   0.10992   2.12243  -0.00000   0.07651
   0.80855  -0.00000  -0.00000   1.12440  -0.00000
   0.00000  -0.76447   0.07651  -0.00000   1.62557
   occupation matrix (subspace #          62 , spin            1 )
   1.47988  -0.00000   0.00000   0.80855   0.00000
  -0.00000   0.98184   0.10992   0.00000  -0.76447
   0.00000   0.10992   2.12243  -0.00000   0.07650
   0.80855   0.00000  -0.00000   1.12440  -0.00000
   0.00000  -0.76447   0.07650  -0.00000   1.62557
   occupation matrix (subspace #          63 , spin            1 )
   1.47980  -0.00005   0.00008   0.80860  -0.00014
  -0.00005   0.98206   0.10986  -0.00005  -0.76455
   0.00008   0.10986   2.12252  -0.00008   0.07649
   0.80860  -0.00005  -0.00008   1.12453   0.00010
  -0.00014  -0.76455   0.07649   0.00010   1.62545
   occupation matrix (subspace #          64 , spin            1 )
   1.47988   0.00000   0.00000   0.80855   0.00000
   0.00000   0.98184   0.10992  -0.00000  -0.76447
   0.00000   0.10992   2.12243  -0.00000   0.07651
   0.80855  -0.00000  -0.00000   1.12440  -0.00000
   0.00000  -0.76447   0.07651  -0.00000   1.62557
   occupation matrix (subspace #          65 , spin            1 )
   1.47990  -0.00001   0.00014   0.80856  -0.00020
  -0.00001   0.98204   0.10984  -0.00015  -0.76459
   0.00014   0.10984   2.12252  -0.00017   0.07647
   0.80856  -0.00015  -0.00017   1.12451   0.00012
  -0.00020  -0.76459   0.07647   0.00012   1.62542
   occupation matrix (subspace #          66 , spin            1 )
   1.47988  -0.00000  -0.00000   0.80855   0.00000
  -0.00000   0.98184   0.10992   0.00000  -0.76447
  -0.00000   0.10992   2.12243   0.00000   0.07650
   0.80855   0.00000   0.00000   1.12440  -0.00000
   0.00000  -0.76447   0.07650  -0.00000   1.62557
   occupation matrix (subspace #          67 , spin            1 )
   1.48750  -0.00658  -0.00412   0.80858   0.01212
  -0.00658   1.98634   0.11508   0.02471  -0.75806
  -0.00412   0.11508   2.11851  -0.00081   0.07748
   0.80858   0.02471  -0.00081   1.11138  -0.00192
   0.01212  -0.75806   0.07748  -0.00192   1.62862
   occupation matrix (subspace #          68 , spin            1 )
   1.47956   0.00097  -0.00146   0.80896   0.00232
   0.00097   0.98332   0.10938   0.00115  -0.76442
  -0.00146   0.10938   2.12288   0.00145   0.07630
   0.80896   0.00115   0.00145   1.12494  -0.00126
   0.00232  -0.76442   0.07630  -0.00126   1.62549
   occupation matrix (subspace #          69 , spin            1 )
   1.47971   0.00016   0.00144   0.80863  -0.00141
   0.00016   0.98281   0.10875  -0.00137  -0.76504
   0.00144   0.10875   2.12279  -0.00190   0.07598
   0.80863  -0.00137  -0.00190   1.12438   0.00106
  -0.00141  -0.76504   0.07598   0.00106   1.62450
   occupation matrix (subspace #          70 , spin            1 )
   1.47989   0.00000   0.00001   0.80855  -0.00001
   0.00000   0.98185   0.10992  -0.00001  -0.76448
   0.00001   0.10992   2.12244  -0.00001   0.07650
   0.80855  -0.00001  -0.00001   1.12440   0.00001
  -0.00001  -0.76448   0.07650   0.00001   1.62556
   occupation matrix (subspace #          71 , spin            1 )
   1.47988  -0.00000  -0.00000   0.80855   0.00000
  -0.00000   0.98184   0.10992   0.00000  -0.76447
  -0.00000   0.10992   2.12243   0.00000   0.07650
   0.80855   0.00000   0.00000   1.12440  -0.00000
   0.00000  -0.76447   0.07650  -0.00000   1.62557
   occupation matrix (subspace #          72 , spin            1 )
   1.47979  -0.00003  -0.00007   0.80858   0.00008
  -0.00003   0.98195   0.10996   0.00010  -0.76455
  -0.00007   0.10996   2.12249   0.00009   0.07653
   0.80858   0.00010   0.00009   1.12458  -0.00004
   0.00008  -0.76455   0.07653  -0.00004   1.62551
   occupation matrix (subspace #          73 , spin            1 )
   1.47988   0.00000   0.00000   0.80855  -0.00000
   0.00000   0.98184   0.10992  -0.00000  -0.76448
   0.00000   0.10992   2.12244  -0.00000   0.07650
   0.80855  -0.00000  -0.00000   1.12440   0.00000
  -0.00000  -0.76448   0.07650   0.00000   1.62557
   occupation matrix (subspace #          74 , spin            1 )
   1.47979   0.00003   0.00007   0.80858  -0.00008
   0.00003   0.98195   0.10996  -0.00010  -0.76455
   0.00007   0.10996   2.12249  -0.00009   0.07653
   0.80858  -0.00010  -0.00009   1.12458   0.00004
  -0.00008  -0.76455   0.07653   0.00004   1.62551
   occupation matrix (subspace #          75 , spin            1 )
   1.47988   0.00000   0.00000   0.80855   0.00000
   0.00000   0.98184   0.10992   0.00000  -0.76447
   0.00000   0.10992   2.12243  -0.00000   0.07650
   0.80855   0.00000  -0.00000   1.12440   0.00000
   0.00000  -0.76447   0.07650   0.00000   1.62557
   occupation matrix (subspace #          76 , spin            1 )
   1.47971  -0.00016  -0.00144   0.80863   0.00141
  -0.00016   0.98281   0.10875   0.00137  -0.76504
  -0.00144   0.10875   2.12279   0.00190   0.07598
   0.80863   0.00137   0.00190   1.12438  -0.00106
   0.00141  -0.76504   0.07598  -0.00106   1.62450
   occupation matrix (subspace #          77 , spin            1 )
   1.47897   0.00000   0.00000   0.80890   0.00000
   0.00000   0.98181   0.11132   0.00000  -0.76440
   0.00000   0.11132   2.12232   0.00000   0.07729
   0.80890   0.00000   0.00000   1.12525   0.00000
   0.00000  -0.76440   0.07729   0.00000   1.62561
   occupation matrix (subspace #          78 , spin            1 )
   1.47988  -0.00000  -0.00000   0.80855  -0.00000
  -0.00000   0.98184   0.10992  -0.00000  -0.76448
  -0.00000   0.10992   2.12244   0.00000   0.07650
   0.80855  -0.00000   0.00000   1.12440  -0.00000
  -0.00000  -0.76448   0.07650  -0.00000   1.62557
   occupation matrix (subspace #          79 , spin            1 )
   1.47988   0.00000   0.00000   0.80855  -0.00000
   0.00000   0.98184   0.10992  -0.00000  -0.76447
   0.00000   0.10992   2.12243  -0.00000   0.07650
   0.80855  -0.00000  -0.00000   1.12440   0.00000
  -0.00000  -0.76447   0.07650   0.00000   1.62557
   occupation matrix (subspace #          80 , spin            1 )
   1.47987   0.00000   0.00000   0.80860  -0.00000
   0.00000   0.98204   0.10982  -0.00000  -0.76456
   0.00000   0.10982   2.12251  -0.00000   0.07647
   0.80860  -0.00000  -0.00000   1.12443   0.00000
  -0.00000  -0.76456   0.07647   0.00000   1.62544
