   occupation matrix (subspace #           1 , spin            1 )
   0.29363   0.00096   0.11261  -0.00096   0.00000
   0.00096   0.28492  -0.00084  -0.10592  -0.00059
   0.11261  -0.00084   0.20021   0.00084   0.00000
  -0.00096  -0.10592   0.00084   0.28492  -0.00059
   0.00000  -0.00059   0.00000  -0.00059   0.17014
   occupation matrix (subspace #           2 , spin            1 )
   0.29293  -0.00000  -0.11307  -0.00000  -0.00000
  -0.00000   0.28623  -0.00000   0.10753   0.00000
  -0.11307  -0.00000   0.20183  -0.00000   0.00000
  -0.00000   0.10753  -0.00000   0.28623  -0.00000
  -0.00000   0.00000   0.00000  -0.00000   0.16951
   occupation matrix (subspace #           3 , spin            1 )
   0.29555  -0.00000   0.11432  -0.00000   0.00001
  -0.00000   0.28309  -0.00000  -0.10509   0.00000
   0.11432  -0.00000   0.20003   0.00000   0.00000
  -0.00000  -0.10509   0.00000   0.28309   0.00000
   0.00001   0.00000   0.00000   0.00000   0.17134
   occupation matrix (subspace #           4 , spin            1 )
   0.29721   0.00000  -0.11295   0.00000  -0.00000
   0.00000   0.28375  -0.00000   0.10489   0.00000
  -0.11295  -0.00000   0.19723   0.00000   0.00000
   0.00000   0.10489   0.00000   0.28376  -0.00000
  -0.00000   0.00000   0.00000  -0.00000   0.17252
   occupation matrix (subspace #           5 , spin            1 )
   0.29363  -0.00096   0.11261   0.00096   0.00000
  -0.00096   0.28492   0.00084  -0.10592   0.00059
   0.11261   0.00084   0.20021  -0.00084   0.00000
   0.00096  -0.10592  -0.00084   0.28492   0.00059
   0.00000   0.00059   0.00000   0.00059   0.17014
   occupation matrix (subspace #           6 , spin            1 )
   0.29721  -0.00000  -0.11295  -0.00000  -0.00000
  -0.00000   0.28375   0.00000   0.10489  -0.00000
  -0.11295   0.00000   0.19723   0.00000   0.00000
  -0.00000   0.10489   0.00000   0.28376   0.00000
  -0.00000  -0.00000   0.00000   0.00000   0.17252
   occupation matrix (subspace #           7 , spin            1 )
   0.29447   0.00055   0.11303  -0.00162   0.00043
   0.00055   0.28549  -0.00080  -0.10508  -0.00258
   0.11303  -0.00080   0.19834  -0.00079   0.00039
  -0.00162  -0.10508  -0.00079   0.28361  -0.00119
   0.00043  -0.00258   0.00039  -0.00119   0.17284
   occupation matrix (subspace #           8 , spin            1 )
   0.29215   0.00000  -0.11391   0.00000   0.00191
   0.00000   0.28210   0.00000   0.10313  -0.00000
  -0.11391   0.00000   0.20488  -0.00000   0.00041
   0.00000   0.10313  -0.00000   0.28997   0.00000
   0.00191  -0.00000   0.00041   0.00000   0.17537
   occupation matrix (subspace #           9 , spin            1 )
   0.29245  -0.00000   0.11411  -0.00000   0.00164
  -0.00000   0.29017   0.00000  -0.10281  -0.00000
   0.11411   0.00000   0.20267  -0.00000  -0.00041
  -0.00000  -0.10281  -0.00000   0.28160   0.00000
   0.00164  -0.00000  -0.00041   0.00000   0.17659
   occupation matrix (subspace #          10 , spin            1 )
   0.29482  -0.00132  -0.11288  -0.00045   0.00058
  -0.00132   0.28404   0.00042   0.10532  -0.00062
  -0.11288   0.00042   0.19861  -0.00076  -0.00048
  -0.00045   0.10532  -0.00076   0.28431   0.00187
   0.00058  -0.00062  -0.00048   0.00187   0.17185
   occupation matrix (subspace #          11 , spin            1 )
   0.29447  -0.00055   0.11303   0.00162   0.00043
  -0.00055   0.28549   0.00080  -0.10508   0.00259
   0.11303   0.00080   0.19834   0.00079   0.00039
   0.00162  -0.10508   0.00079   0.28361   0.00119
   0.00043   0.00259   0.00039   0.00119   0.17284
   occupation matrix (subspace #          12 , spin            1 )
   0.29482   0.00132  -0.11288   0.00045   0.00058
   0.00132   0.28404  -0.00042   0.10532   0.00062
  -0.11288  -0.00042   0.19861   0.00076  -0.00048
   0.00045   0.10532   0.00076   0.28431  -0.00187
   0.00058   0.00062  -0.00048  -0.00187   0.17185
   occupation matrix (subspace #          13 , spin            1 )
   0.29219   0.00086   0.11118   0.00086   0.00000
   0.00086   0.28727   0.00099  -0.10687   0.00006
   0.11118   0.00099   0.20057   0.00099   0.00000
   0.00086  -0.10687   0.00099   0.28728  -0.00007
   0.00000   0.00006   0.00000  -0.00007   0.17140
   occupation matrix (subspace #          14 , spin            1 )
   0.29215  -0.00000  -0.11391   0.00000   0.00191
  -0.00000   0.28210  -0.00000   0.10313  -0.00000
  -0.11391  -0.00000   0.20488  -0.00000   0.00041
   0.00000   0.10313  -0.00000   0.28997  -0.00000
   0.00191  -0.00000   0.00041  -0.00000   0.17536
   occupation matrix (subspace #          15 , spin            1 )
   0.29543   0.00000   0.11393  -0.00000   0.00001
   0.00000   0.28338  -0.00000  -0.10291   0.00000
   0.11393  -0.00000   0.19512   0.00000   0.00000
  -0.00000  -0.10291   0.00000   0.28338  -0.00000
   0.00001   0.00000   0.00000  -0.00000   0.17703
   occupation matrix (subspace #          16 , spin            1 )
   0.29482   0.00132  -0.11288   0.00045   0.00058
   0.00132   0.28404  -0.00042   0.10532   0.00062
  -0.11288  -0.00042   0.19861   0.00076  -0.00048
   0.00045   0.10532   0.00076   0.28431  -0.00187
   0.00058   0.00062  -0.00048  -0.00187   0.17185
   occupation matrix (subspace #          17 , spin            1 )
   0.29219  -0.00086   0.11118  -0.00086   0.00000
  -0.00086   0.28727  -0.00099  -0.10687  -0.00006
   0.11118  -0.00099   0.20057  -0.00099   0.00000
  -0.00086  -0.10687  -0.00099   0.28728   0.00007
   0.00000  -0.00006   0.00000   0.00007   0.17139
   occupation matrix (subspace #          18 , spin            1 )
   0.29482  -0.00132  -0.11288  -0.00045   0.00058
  -0.00132   0.28404   0.00042   0.10532  -0.00062
  -0.11288   0.00042   0.19861  -0.00076  -0.00048
  -0.00045   0.10532  -0.00076   0.28431   0.00187
   0.00058  -0.00062  -0.00048   0.00187   0.17185
   occupation matrix (subspace #          19 , spin            1 )
   0.29448   0.00162   0.11303  -0.00055  -0.00042
   0.00162   0.28360   0.00079  -0.10508  -0.00119
   0.11303   0.00079   0.19834   0.00080  -0.00039
  -0.00055  -0.10508   0.00080   0.28550  -0.00258
  -0.00042  -0.00119  -0.00039  -0.00258   0.17284
   occupation matrix (subspace #          20 , spin            1 )
   0.29214  -0.00000  -0.11391   0.00000  -0.00192
  -0.00000   0.28996   0.00000   0.10312  -0.00000
  -0.11391   0.00000   0.20488   0.00000  -0.00040
   0.00000   0.10312   0.00000   0.28211  -0.00000
  -0.00192  -0.00000  -0.00040  -0.00000   0.17537
   occupation matrix (subspace #          21 , spin            1 )
   0.29245  -0.00000   0.11411  -0.00000  -0.00164
  -0.00000   0.28160  -0.00000  -0.10282   0.00000
   0.11411  -0.00000   0.20267   0.00000   0.00042
  -0.00000  -0.10282   0.00000   0.29018   0.00000
  -0.00164   0.00000   0.00042   0.00000   0.17658
   occupation matrix (subspace #          22 , spin            1 )
   0.29482   0.00045  -0.11288   0.00132  -0.00059
   0.00045   0.28431   0.00076   0.10531   0.00187
  -0.11288   0.00076   0.19862  -0.00042   0.00048
   0.00132   0.10531  -0.00042   0.28404  -0.00062
  -0.00059   0.00187   0.00048  -0.00062   0.17185
   occupation matrix (subspace #          23 , spin            1 )
   0.29448  -0.00162   0.11303   0.00055  -0.00042
  -0.00162   0.28361  -0.00079  -0.10508   0.00119
   0.11303  -0.00079   0.19833  -0.00080  -0.00039
   0.00055  -0.10508  -0.00080   0.28550   0.00258
  -0.00042   0.00119  -0.00039   0.00258   0.17284
   occupation matrix (subspace #          24 , spin            1 )
   0.29482  -0.00045  -0.11288  -0.00132  -0.00059
  -0.00045   0.28431  -0.00076   0.10531  -0.00187
  -0.11288  -0.00076   0.19862   0.00042   0.00048
  -0.00132   0.10531   0.00042   0.28404   0.00062
  -0.00059  -0.00187   0.00048   0.00062   0.17185
   occupation matrix (subspace #          25 , spin            1 )
   0.30312   0.00000   0.11364  -0.00000   0.00000
   0.00000   0.28424   0.00000  -0.10022  -0.00000
   0.11364   0.00000   0.18570  -0.00000   0.00000
  -0.00000  -0.10022  -0.00000   0.28425  -0.00000
   0.00000  -0.00000   0.00000  -0.00000   0.17953
   occupation matrix (subspace #          26 , spin            1 )
   0.29663  -0.00000  -0.11456   0.00000  -0.00000
  -0.00000   0.28190   0.00000   0.10342   0.00000
  -0.11456   0.00000   0.19470   0.00000   0.00000
   0.00000   0.10342   0.00000   0.28190   0.00000
  -0.00000   0.00000   0.00000   0.00000   0.17683
   occupation matrix (subspace #          27 , spin            1 )
   1.18568  -0.00000  -0.52118   0.00000  -0.00002
  -0.00000   1.45001   0.00000   0.56239  -0.00000
  -0.52118   0.00000   1.66120  -0.00000  -0.00001
   0.00000   0.56239  -0.00000   1.44997   0.00000
  -0.00002  -0.00000  -0.00001   0.00000   1.98886
   occupation matrix (subspace #          28 , spin            1 )
   0.29470   0.00029  -0.11295  -0.00029  -0.00000
   0.00029   0.28647  -0.00133   0.10596   0.00032
  -0.11295  -0.00133   0.20142   0.00133   0.00000
  -0.00029   0.10596   0.00133   0.28647   0.00031
  -0.00000   0.00032   0.00000   0.00031   0.17630
   occupation matrix (subspace #          29 , spin            1 )
   0.30312  -0.00000   0.11364  -0.00000   0.00000
  -0.00000   0.28424   0.00000  -0.10022  -0.00000
   0.11364   0.00000   0.18570  -0.00000   0.00000
  -0.00000  -0.10022  -0.00000   0.28425  -0.00000
   0.00000  -0.00000   0.00000  -0.00000   0.17953
   occupation matrix (subspace #          30 , spin            1 )
   0.29470  -0.00029  -0.11295   0.00029  -0.00000
  -0.00029   0.28647   0.00133   0.10596  -0.00031
  -0.11295   0.00133   0.20142  -0.00133   0.00000
   0.00029   0.10596  -0.00133   0.28647  -0.00031
  -0.00000  -0.00031   0.00000  -0.00031   0.17630
   occupation matrix (subspace #          31 , spin            1 )
   0.29448  -0.00162   0.11303   0.00055  -0.00042
  -0.00162   0.28360  -0.00079  -0.10508   0.00119
   0.11303  -0.00079   0.19834  -0.00080  -0.00039
   0.00055  -0.10508  -0.00080   0.28550   0.00258
  -0.00042   0.00119  -0.00039   0.00258   0.17284
   occupation matrix (subspace #          32 , spin            1 )
   0.29509  -0.00000  -0.11357  -0.00000  -0.00001
  -0.00000   0.28416  -0.00000   0.10511  -0.00000
  -0.11357  -0.00000   0.20049  -0.00000   0.00000
  -0.00000   0.10511  -0.00000   0.28415  -0.00000
  -0.00001  -0.00000   0.00000  -0.00000   0.17148
   occupation matrix (subspace #          33 , spin            1 )
   0.29245   0.00000   0.11411  -0.00000  -0.00164
   0.00000   0.28160   0.00000  -0.10282  -0.00000
   0.11411   0.00000   0.20267   0.00000   0.00042
  -0.00000  -0.10282   0.00000   0.29018  -0.00000
  -0.00164  -0.00000   0.00042  -0.00000   0.17658
   occupation matrix (subspace #          34 , spin            1 )
   0.29285   0.00297  -0.11241   0.00296  -0.00000
   0.00297   0.28787   0.00572   0.10230   0.00225
  -0.11241   0.00572   0.19959   0.00572   0.00000
   0.00296   0.10230   0.00572   0.28788  -0.00225
  -0.00000   0.00225   0.00000  -0.00225   0.17121
   occupation matrix (subspace #          35 , spin            1 )
   0.29448   0.00162   0.11303  -0.00055  -0.00042
   0.00162   0.28360   0.00079  -0.10508  -0.00119
   0.11303   0.00079   0.19834   0.00080  -0.00039
  -0.00055  -0.10508   0.00080   0.28550  -0.00258
  -0.00042  -0.00119  -0.00039  -0.00258   0.17284
   occupation matrix (subspace #          36 , spin            1 )
   0.29285  -0.00297  -0.11241  -0.00296  -0.00000
  -0.00297   0.28787  -0.00572   0.10230  -0.00225
  -0.11241  -0.00572   0.19959  -0.00572   0.00000
  -0.00296   0.10230  -0.00572   0.28788   0.00225
  -0.00000  -0.00225   0.00000   0.00225   0.17121
   occupation matrix (subspace #          37 , spin            1 )
   0.29219  -0.00086   0.11118  -0.00086   0.00000
  -0.00086   0.28727  -0.00099  -0.10687  -0.00006
   0.11118  -0.00099   0.20057  -0.00099   0.00000
  -0.00086  -0.10687  -0.00099   0.28728   0.00007
   0.00000  -0.00006   0.00000   0.00007   0.17139
   occupation matrix (subspace #          38 , spin            1 )
   0.29214   0.00000  -0.11391   0.00000  -0.00192
   0.00000   0.28996   0.00000   0.10312   0.00000
  -0.11391   0.00000   0.20488  -0.00000  -0.00040
   0.00000   0.10312  -0.00000   0.28211  -0.00000
  -0.00192   0.00000  -0.00040  -0.00000   0.17537
   occupation matrix (subspace #          39 , spin            1 )
   0.29543   0.00000   0.11393   0.00000   0.00001
   0.00000   0.28338  -0.00000  -0.10291   0.00000
   0.11393  -0.00000   0.19512   0.00000   0.00000
   0.00000  -0.10291   0.00000   0.28338  -0.00000
   0.00001   0.00000   0.00000  -0.00000   0.17703
   occupation matrix (subspace #          40 , spin            1 )
   0.29482  -0.00045  -0.11288  -0.00132  -0.00059
  -0.00045   0.28431  -0.00076   0.10531  -0.00187
  -0.11288  -0.00076   0.19862   0.00042   0.00048
  -0.00132   0.10531   0.00042   0.28405   0.00062
  -0.00059  -0.00187   0.00048   0.00062   0.17185
   occupation matrix (subspace #          41 , spin            1 )
   0.29219   0.00086   0.11118   0.00086   0.00000
   0.00086   0.28727   0.00099  -0.10687   0.00006
   0.11118   0.00099   0.20057   0.00099   0.00000
   0.00086  -0.10687   0.00099   0.28728  -0.00007
   0.00000   0.00006   0.00000  -0.00007   0.17140
   occupation matrix (subspace #          42 , spin            1 )
   0.29482   0.00045  -0.11288   0.00132  -0.00059
   0.00045   0.28431   0.00076   0.10531   0.00188
  -0.11288   0.00076   0.19862  -0.00042   0.00048
   0.00132   0.10531  -0.00042   0.28404  -0.00062
  -0.00059   0.00188   0.00048  -0.00062   0.17186
   occupation matrix (subspace #          43 , spin            1 )
   0.29447  -0.00055   0.11303   0.00162   0.00043
  -0.00055   0.28549   0.00080  -0.10508   0.00258
   0.11303   0.00080   0.19834   0.00079   0.00039
   0.00162  -0.10508   0.00079   0.28361   0.00119
   0.00043   0.00258   0.00039   0.00119   0.17284
   occupation matrix (subspace #          44 , spin            1 )
   0.29509  -0.00000  -0.11357  -0.00000  -0.00001
  -0.00000   0.28416  -0.00000   0.10511  -0.00000
  -0.11357  -0.00000   0.20049  -0.00000   0.00000
  -0.00000   0.10511  -0.00000   0.28415   0.00000
  -0.00001  -0.00000   0.00000   0.00000   0.17148
   occupation matrix (subspace #          45 , spin            1 )
   0.29245   0.00000   0.11411  -0.00000   0.00164
   0.00000   0.29017  -0.00000  -0.10281   0.00000
   0.11411  -0.00000   0.20266   0.00000  -0.00041
  -0.00000  -0.10281   0.00000   0.28160  -0.00000
   0.00164   0.00000  -0.00041  -0.00000   0.17659
   occupation matrix (subspace #          46 , spin            1 )
   0.29285  -0.00297  -0.11241  -0.00296  -0.00000
  -0.00297   0.28787  -0.00571   0.10230  -0.00225
  -0.11241  -0.00571   0.19959  -0.00571   0.00000
  -0.00296   0.10230  -0.00571   0.28788   0.00225
  -0.00000  -0.00225   0.00000   0.00225   0.17121
   occupation matrix (subspace #          47 , spin            1 )
   0.29447   0.00055   0.11303  -0.00162   0.00043
   0.00055   0.28549  -0.00080  -0.10508  -0.00258
   0.11303  -0.00080   0.19834  -0.00079   0.00039
  -0.00162  -0.10508  -0.00079   0.28361  -0.00119
   0.00043  -0.00258   0.00039  -0.00119   0.17284
   occupation matrix (subspace #          48 , spin            1 )
   0.29285   0.00297  -0.11241   0.00296  -0.00000
   0.00297   0.28787   0.00571   0.10230   0.00225
  -0.11241   0.00571   0.19959   0.00571   0.00000
   0.00296   0.10230   0.00571   0.28788  -0.00225
  -0.00000   0.00225   0.00000  -0.00225   0.17121
   occupation matrix (subspace #          49 , spin            1 )
   0.29363  -0.00096   0.11261   0.00096   0.00000
  -0.00096   0.28492   0.00084  -0.10592   0.00059
   0.11261   0.00084   0.20021  -0.00084   0.00000
   0.00096  -0.10592  -0.00084   0.28493   0.00059
   0.00000   0.00059   0.00000   0.00059   0.17014
   occupation matrix (subspace #          50 , spin            1 )
   0.29663   0.00000  -0.11456   0.00000  -0.00000
   0.00000   0.28190   0.00000   0.10342   0.00000
  -0.11456   0.00000   0.19470   0.00000   0.00000
   0.00000   0.10342   0.00000   0.28190  -0.00000
  -0.00000   0.00000   0.00000  -0.00000   0.17683
   occupation matrix (subspace #          51 , spin            1 )
   0.29555   0.00000   0.11432  -0.00000   0.00001
   0.00000   0.28309  -0.00000  -0.10509   0.00000
   0.11432  -0.00000   0.20003   0.00000   0.00000
  -0.00000  -0.10509   0.00000   0.28309   0.00000
   0.00001   0.00000   0.00000   0.00000   0.17134
   occupation matrix (subspace #          52 , spin            1 )
   0.29470  -0.00029  -0.11295   0.00029  -0.00000
  -0.00029   0.28647   0.00133   0.10596  -0.00032
  -0.11295   0.00133   0.20142  -0.00133   0.00000
   0.00029   0.10596  -0.00133   0.28647  -0.00031
  -0.00000  -0.00032   0.00000  -0.00031   0.17630
   occupation matrix (subspace #          53 , spin            1 )
   0.29363   0.00096   0.11261  -0.00096   0.00000
   0.00096   0.28492  -0.00084  -0.10592  -0.00059
   0.11261  -0.00084   0.20021   0.00084   0.00000
  -0.00096  -0.10592   0.00084   0.28493  -0.00059
   0.00000  -0.00059   0.00000  -0.00059   0.17014
   occupation matrix (subspace #          54 , spin            1 )
   0.29470   0.00029  -0.11295  -0.00029  -0.00000
   0.00029   0.28647  -0.00133   0.10596   0.00032
  -0.11295  -0.00133   0.20142   0.00133   0.00000
  -0.00029   0.10596   0.00133   0.28647   0.00031
  -0.00000   0.00032   0.00000   0.00031   0.17630
