   occupation matrix (subspace #           1 , spin            1 )
   1.95958   0.19090   0.03069   0.19090   0.00000
   0.19090   1.95958   0.01534  -0.19090  -0.02658
   0.03069   0.01534   2.19856   0.01534   0.00000
   0.19090  -0.19090   0.01534   1.95958   0.02658
   0.00000  -0.02658   0.00000   0.02658   2.19856
   occupation matrix (subspace #           2 , spin            1 )
   1.95958   0.19090  -0.03069  -0.19090  -0.00000
   0.19090   1.95958  -0.01534   0.19090   0.02658
  -0.03069  -0.01534   2.19856   0.01534   0.00000
  -0.19090   0.19090   0.01534   1.95958   0.02658
  -0.00000   0.02658   0.00000   0.02658   2.19856
   occupation matrix (subspace #           3 , spin            1 )
   1.95958  -0.19090   0.03069  -0.19090   0.00000
  -0.19090   1.95958  -0.01534  -0.19090   0.02658
   0.03069  -0.01534   2.19856  -0.01534   0.00000
  -0.19090  -0.19090  -0.01534   1.95958  -0.02658
   0.00000   0.02658   0.00000  -0.02658   2.19856
   occupation matrix (subspace #           4 , spin            1 )
   1.95958  -0.19090  -0.03069   0.19090  -0.00000
  -0.19090   1.95958   0.01534   0.19090  -0.02658
  -0.03069   0.01534   2.19856  -0.01534   0.00000
   0.19090   0.19090  -0.01534   1.95958  -0.02658
  -0.00000  -0.02658   0.00000  -0.02658   2.19856
   occupation matrix (subspace #           5 , spin            1 )
   1.59023   0.00000  -0.00000
   0.00000   1.59023  -0.00000
  -0.00000  -0.00000   1.59023
   occupation matrix (subspace #           6 , spin            1 )
   1.59023   0.00000  -0.00000
   0.00000   1.59023  -0.00000
  -0.00000  -0.00000   1.59023
