   occupation matrix (subspace #           1 , spin            1 )
   0.08650  -0.00310   0.00157   0.00151  -0.01251
  -0.00310   0.09157  -0.00683  -0.00178  -0.00907
   0.00157  -0.00683   0.06692  -0.00989  -0.00004
   0.00151  -0.00178  -0.00989   0.08760   0.00734
  -0.01251  -0.00907  -0.00004   0.00734   0.06422
   occupation matrix (subspace #           2 , spin            1 )
   0.08650  -0.00310  -0.00157  -0.00151   0.01251
  -0.00310   0.09157   0.00683   0.00178   0.00907
  -0.00157   0.00683   0.06692  -0.00989  -0.00004
  -0.00151   0.00178  -0.00989   0.08760   0.00734
   0.01251   0.00907  -0.00004   0.00734   0.06422
   occupation matrix (subspace #           3 , spin            1 )
   0.08650  -0.00310   0.00157   0.00151  -0.01251
  -0.00310   0.09157  -0.00683  -0.00178  -0.00907
   0.00157  -0.00683   0.06692  -0.00989  -0.00004
   0.00151  -0.00178  -0.00989   0.08760   0.00734
  -0.01251  -0.00907  -0.00004   0.00734   0.06422
   occupation matrix (subspace #           4 , spin            1 )
   0.08650  -0.00310  -0.00157  -0.00151   0.01251
  -0.00310   0.09157   0.00683   0.00178   0.00907
  -0.00157   0.00683   0.06692  -0.00989  -0.00004
  -0.00151   0.00178  -0.00989   0.08760   0.00734
   0.01251   0.00907  -0.00004   0.00734   0.06422
   occupation matrix (subspace #           5 , spin            1 )
   0.08484   0.00011   0.00041   0.00174   0.01285
   0.00011   0.09379   0.00671  -0.00128  -0.00016
   0.00041   0.00671   0.06542   0.00962  -0.00049
   0.00174  -0.00128   0.00962   0.08764  -0.00814
   0.01285  -0.00016  -0.00049  -0.00814   0.06417
   occupation matrix (subspace #           6 , spin            1 )
   0.08484   0.00011  -0.00041  -0.00174  -0.01285
   0.00011   0.09379  -0.00671   0.00128   0.00016
  -0.00041  -0.00671   0.06542   0.00962  -0.00049
  -0.00174   0.00128   0.00962   0.08764  -0.00814
  -0.01285   0.00016  -0.00049  -0.00814   0.06417
   occupation matrix (subspace #           7 , spin            1 )
   0.08484   0.00011   0.00041   0.00174   0.01285
   0.00011   0.09379   0.00671  -0.00128  -0.00016
   0.00041   0.00671   0.06542   0.00962  -0.00049
   0.00174  -0.00128   0.00962   0.08764  -0.00814
   0.01285  -0.00016  -0.00049  -0.00814   0.06417
   occupation matrix (subspace #           8 , spin            1 )
   0.08484   0.00011  -0.00041  -0.00174  -0.01285
   0.00011   0.09379  -0.00671   0.00128   0.00016
  -0.00041  -0.00671   0.06542   0.00962  -0.00049
  -0.00174   0.00128   0.00962   0.08764  -0.00814
  -0.01285   0.00016  -0.00049  -0.00814   0.06417
   occupation matrix (subspace #           9 , spin            1 )
   1.67593  -0.01120   0.00933
  -0.01120   1.68113  -0.01963
   0.00933  -0.01963   1.52799
   occupation matrix (subspace #          10 , spin            1 )
   1.67593   0.01120  -0.00933
   0.01120   1.68113  -0.01963
  -0.00933  -0.01963   1.52799
   occupation matrix (subspace #          11 , spin            1 )
   1.67593  -0.01120   0.00933
  -0.01120   1.68113  -0.01963
   0.00933  -0.01963   1.52799
   occupation matrix (subspace #          12 , spin            1 )
   1.67593   0.01120  -0.00933
   0.01120   1.68113  -0.01963
  -0.00933  -0.01963   1.52799
   occupation matrix (subspace #          13 , spin            1 )
   1.67770   0.01062   0.00979
   0.01062   1.68354   0.02109
   0.00979   0.02109   1.53396
   occupation matrix (subspace #          14 , spin            1 )
   1.67770  -0.01062  -0.00979
  -0.01062   1.68354   0.02109
  -0.00979   0.02109   1.53396
   occupation matrix (subspace #          15 , spin            1 )
   1.67770   0.01062   0.00979
   0.01062   1.68354   0.02109
   0.00979   0.02109   1.53396
   occupation matrix (subspace #          16 , spin            1 )
   1.67770  -0.01062  -0.00979
  -0.01062   1.68354   0.02109
  -0.00979   0.02109   1.53396
   occupation matrix (subspace #          17 , spin            1 )
   1.51861   0.01849  -0.01417
   0.01849   1.64389   0.01004
  -0.01417   0.01004   1.61900
   occupation matrix (subspace #          18 , spin            1 )
   1.51861  -0.01849   0.01417
  -0.01849   1.64389   0.01004
   0.01417   0.01004   1.61900
   occupation matrix (subspace #          19 , spin            1 )
   1.51861   0.01849  -0.01417
   0.01849   1.64389   0.01004
  -0.01417   0.01004   1.61900
   occupation matrix (subspace #          20 , spin            1 )
   1.51861  -0.01849   0.01417
  -0.01849   1.64389   0.01004
   0.01417   0.01004   1.61900
   occupation matrix (subspace #          21 , spin            1 )
   1.51953  -0.00505   0.01730
  -0.00505   1.64853  -0.00262
   0.01730  -0.00262   1.61789
   occupation matrix (subspace #          22 , spin            1 )
   1.51953   0.00505  -0.01730
   0.00505   1.64853  -0.00262
  -0.01730  -0.00262   1.61789
   occupation matrix (subspace #          23 , spin            1 )
   1.51953  -0.00505   0.01730
  -0.00505   1.64853  -0.00262
   0.01730  -0.00262   1.61789
   occupation matrix (subspace #          24 , spin            1 )
   1.51953   0.00505  -0.01730
   0.00505   1.64853  -0.00262
  -0.01730  -0.00262   1.61789
   occupation matrix (subspace #          25 , spin            1 )
   1.60139   0.00406   0.00422
   0.00406   1.50982   0.01759
   0.00422   0.01759   1.59278
   occupation matrix (subspace #          26 , spin            1 )
   1.60139  -0.00406  -0.00422
  -0.00406   1.50982   0.01759
  -0.00422   0.01759   1.59278
   occupation matrix (subspace #          27 , spin            1 )
   1.60139   0.00406   0.00422
   0.00406   1.50982   0.01759
   0.00422   0.01759   1.59278
   occupation matrix (subspace #          28 , spin            1 )
   1.60139  -0.00406  -0.00422
  -0.00406   1.50982   0.01759
  -0.00422   0.01759   1.59278
   occupation matrix (subspace #          29 , spin            1 )
   1.60490   0.02015   0.01008
   0.02015   1.50573  -0.01661
   0.01008  -0.01661   1.58919
   occupation matrix (subspace #          30 , spin            1 )
   1.60490  -0.02015  -0.01008
  -0.02015   1.50573  -0.01661
  -0.01008  -0.01661   1.58919
   occupation matrix (subspace #          31 , spin            1 )
   1.60490   0.02015   0.01008
   0.02015   1.50573  -0.01661
   0.01008  -0.01661   1.58919
   occupation matrix (subspace #          32 , spin            1 )
   1.60490  -0.02015  -0.01008
  -0.02015   1.50573  -0.01661
  -0.01008  -0.01661   1.58919
